+-------+-----+-----+-----+-----+-----+--------+-----------------------------------------------+-------+--------+---------+--------+--------+--------+--------+--------+-----------+-----------+------------+-----------+
| COUNT | 1XX | 2XX | 3XX | 4XX | 5XX | METHOD |                      URI                      |  MIN  |  MAX   |   SUM   |  AVG   |  P90   |  P95   |  P99   | STDDEV | MIN(BODY) | MAX(BODY) | SUM(BODY)  | AVG(BODY) |
+-------+-----+-----+-----+-----+-----+--------+-----------------------------------------------+-------+--------+---------+--------+--------+--------+--------+--------+-----------+-----------+------------+-----------+
| 9     | 0   | 7   | 0   | 2   | 0   | GET    | /api/admin/tenants/billing                    | 3.200 | 23.764 | 120.196 | 13.355 | 23.764 | 23.764 | 23.764 | 6.167  | 0.000     | 1551.000  | 10592.000  | 1176.889  |
| 35    | 0   | 30  | 0   | 5   | 0   | GET    | /api/player/competition/9fa52d56/ranking      | 0.024 | 6.812  | 112.756 | 3.222  | 6.696  | 6.784  | 6.812  | 3.100  | 0.000     | 13638.000 | 406721.000 | 11620.600 |
| 19    | 0   | 19  | 0   | 0   | 0   | GET    | /api/player/competition/9fa531a2/ranking      | 1.008 | 9.792  | 111.700 | 5.879  | 9.684  | 9.792  | 9.792  | 3.812  | 14016.000 | 14017.000 | 266319.000 | 14016.789 |
| 30    | 0   | 29  | 0   | 1   | 0   | GET    | /api/player/competition/9fa5278b/ranking      | 0.052 | 9.232  | 108.532 | 3.618  | 8.208  | 8.284  | 9.232  | 3.626  | 0.000     | 14473.000 | 417195.000 | 13906.500 |
| 34    | 0   | 31  | 0   | 3   | 0   | GET    | /api/player/competition/9fa52aaa/ranking      | 0.024 | 6.952  | 107.964 | 3.175  | 5.932  | 6.724  | 6.952  | 2.857  | 0.000     | 13532.000 | 419396.000 | 12335.176 |
| 26    | 0   | 25  | 0   | 1   | 0   | GET    | /api/player/competition/9fa5308f/ranking      | 0.024 | 6.980  | 104.384 | 4.015  | 6.940  | 6.976  | 6.980  | 3.257  | 0.000     | 13620.000 | 340386.000 | 13091.769 |
| 20    | 0   | 19  | 0   | 1   | 0   | GET    | /api/player/competition/9fa5347f/ranking      | 0.036 | 6.956  | 83.036  | 4.152  | 6.868  | 6.876  | 6.956  | 3.191  | 0.000     | 13667.000 | 259669.000 | 12983.450 |
| 17    | 0   | 16  | 0   | 1   | 0   | GET    | /api/player/competition/9fa53737/ranking      | 0.052 | 6.932  | 77.492  | 4.558  | 6.916  | 6.932  | 6.932  | 3.061  | 0.000     | 13676.000 | 218816.000 | 12871.529 |
| 19    | 0   | 19  | 0   | 0   | 0   | GET    | /api/player/competition/9fa53988/ranking      | 0.028 | 7.028  | 76.772  | 4.041  | 7.012  | 7.028  | 7.028  | 3.389  | 13580.000 | 13686.000 | 259791.000 | 13673.211 |
| 28    | 0   | 28  | 0   | 0   | 0   | GET    | /api/player/competition/9fa52eb0/ranking      | 0.028 | 3.548  | 38.644  | 1.380  | 3.476  | 3.504  | 3.548  | 1.649  | 14038.000 | 14472.000 | 404776.000 | 14456.286 |
| 20    | 0   | 19  | 0   | 1   | 0   | GET    | /api/organizer/billing                        | 0.016 | 21.304 | 31.084  | 1.554  | 0.104  | 9.092  | 21.304 | 4.941  | 0.000     | 5834.000  | 29637.000  | 1481.850  |
| 10    | 0   | 0   | 0   | 10  | 0   | GET    | /api/player/competition/9fa53bd9/ranking      | 2.448 | 2.536  | 24.928  | 2.493  | 2.532  | 2.536  | 2.536  | 0.031  | 0.000     | 0.000     | 0.000      | 0.000     |
| 6     | 0   | 6   | 0   | 0   | 0   | POST   | /api/organizer/players/add                    | 1.480 | 5.480  | 20.348  | 3.391  | 5.480  | 5.480  | 5.480  | 1.884  | 12150.000 | 22460.000 | 100939.000 | 16823.167 |
| 4     | 0   | 3   | 0   | 1   | 0   | GET    | /api/player/player/544f42f5e                  | 0.512 | 9.424  | 16.000  | 4.000  | 9.424  | 9.424  | 9.424  | 3.298  | 0.000     | 1460.000  | 4262.000   | 1065.500  |
| 3     | 0   | 2   | 0   | 1   | 0   | GET    | /api/player/player/9fa52a64                   | 2.268 | 6.840  | 15.420  | 5.140  | 6.840  | 6.840  | 6.840  | 2.042  | 0.000     | 801.000   | 1489.000   | 496.333   |
| 5     | 0   | 4   | 0   | 1   | 0   | GET    | /api/player/player/9fa52a6b                   | 0.004 | 6.640  | 14.596  | 2.919  | 6.640  | 6.640  | 6.640  | 2.876  | 0.000     | 800.000   | 2243.000   | 448.600   |
| 2     | 0   | 2   | 0   | 0   | 0   | GET    | /api/player/player/9fa52a8c                   | 6.568 | 6.860  | 13.428  | 6.714  | 6.860  | 6.860  | 6.860  | 0.146  | 800.000   | 800.000   | 1600.000   | 800.000   |
| 4     | 0   | 3   | 0   | 1   | 0   | GET    | /api/player/player/9fa52a71                   | 0.224 | 6.372  | 13.248  | 3.312  | 6.372  | 6.372  | 6.372  | 2.646  | 0.000     | 801.000   | 1656.000   | 414.000   |
| 5     | 0   | 5   | 0   | 0   | 0   | GET    | /api/player/player/9fa528f0                   | 0.004 | 6.592  | 12.680  | 2.536  | 6.592  | 6.592  | 6.592  | 3.071  | 363.000   | 783.000   | 3057.000   | 611.400   |
| 3     | 0   | 3   | 0   | 0   | 0   | GET    | /api/player/player/9fa52a35                   | 0.112 | 6.428  | 12.532  | 4.177  | 6.428  | 6.428  | 6.428  | 2.880  | 280.000   | 475.000   | 1230.000   | 410.000   |
| 3     | 0   | 3   | 0   | 0   | 0   | GET    | /api/player/player/9fa528ff                   | 0.004 | 6.164  | 12.128  | 4.043  | 6.164  | 6.164  | 6.164  | 2.857  | 364.000   | 671.000   | 1494.000   | 498.000   |
| 2     | 0   | 2   | 0   | 0   | 0   | GET    | /api/player/player/9fa52a45                   | 5.476 | 6.644  | 12.120  | 6.060  | 6.644  | 6.644  | 6.644  | 0.584  | 583.000   | 686.000   | 1269.000   | 634.500   |
| 2     | 0   | 2   | 0   | 0   | 0   | GET    | /api/player/player/9fa528c5                   | 5.708 | 6.336  | 12.044  | 6.022  | 6.336  | 6.336  | 6.336  | 0.314  | 569.000   | 672.000   | 1241.000   | 620.500   |
| 4     | 0   | 4   | 0   | 0   | 0   | GET    | /api/player/player/9fa527bd                   | 0.004 | 6.900  | 12.012  | 3.003  | 6.900  | 6.900  | 6.900  | 3.059  | 364.000   | 785.000   | 2503.000   | 625.750   |
| 2     | 0   | 2   | 0   | 0   | 0   | GET    | /api/player/player/13e90bc38                  | 1.900 | 9.948  | 11.848  | 5.924  | 9.948  | 9.948  | 9.948  | 4.024  | 2181.000  | 2299.000  | 4480.000   | 2240.000  |
| 2     | 0   | 2   | 0   | 0   | 0   | GET    | /api/player/competition/639dd7b16/ranking     | 1.900 | 9.760  | 11.660  | 5.830  | 9.760  | 9.760  | 9.760  | 3.930  | 14666.000 | 14711.000 | 29377.000  | 14688.500 |
| 2     | 0   | 2   | 0   | 0   | 0   | GET    | /api/player/player/3c96aedf7                  | 1.904 | 9.512  | 11.416  | 5.708  | 9.512  | 9.512  | 9.512  | 3.804  | 2099.000  | 2099.000  | 4198.000   | 2099.000  |
| 2     | 0   | 2   | 0   | 0   | 0   | GET    | /api/player/player/9fa5295c                   | 5.224 | 5.836  | 11.060  | 5.530  | 5.836  | 5.836  | 5.836  | 0.306  | 380.000   | 801.000   | 1181.000   | 590.500   |
| 2     | 0   | 2   | 0   | 0   | 0   | GET    | /api/player/player/2297ad3cc                  | 1.416 | 9.156  | 10.572  | 5.286  | 9.156  | 9.156  | 9.156  | 3.870  | 2086.000  | 2204.000  | 4290.000   | 2145.000  |
| 4     | 0   | 2   | 0   | 2   | 0   | GET    | /api/player/player/9fa528ac                   | 0.148 | 6.752  | 10.440  | 2.610  | 6.752  | 6.752  | 6.752  | 2.486  | 0.000     | 670.000   | 1340.000   | 335.000   |
| 11    | 0   | 11  | 0   | 0   | 0   | GET    | /api/player/competition/9fa52525/ranking      | 0.008 | 2.428  | 9.792   | 0.890  | 2.416  | 2.428  | 2.428  | 1.153  | 14313.000 | 14314.000 | 157453.000 | 14313.909 |
| 1     | 0   | 1   | 0   | 0   | 0   | GET    | /api/player/player/4f16b730a                  | 9.344 | 9.344  | 9.344   | 9.344  | 9.344  | 9.344  | 9.344  | 0.000  | 1461.000  | 1461.000  | 1461.000   | 1461.000  |
| 1     | 0   | 1   | 0   | 0   | 0   | POST   | /api/organizer/competition/9fa531a2/score     | 8.508 | 8.508  | 8.508   | 8.508  | 8.508  | 8.508  | 8.508  | 0.000  | 54.000    | 54.000    | 54.000     | 54.000    |
| 5     | 0   | 4   | 0   | 1   | 0   | GET    | /api/player/player/9fa527cd                   | 0.004 | 5.724  | 8.332   | 1.666  | 5.724  | 5.724  | 5.724  | 2.169  | 0.000     | 784.000   | 2271.000   | 454.200   |
| 4     | 0   | 4   | 0   | 0   | 0   | GET    | /api/player/player/1b7365b1e                  | 0.340 | 3.596  | 8.168   | 2.042  | 3.596  | 3.596  | 3.596  | 1.171  | 2270.000  | 2387.000  | 9431.000   | 2357.750  |
| 1     | 0   | 1   | 0   | 0   | 0   | GET    | /api/player/competition/348aba3b2/ranking     | 8.080 | 8.080  | 8.080   | 8.080  | 8.080  | 8.080  | 8.080  | 0.000  | 14713.000 | 14713.000 | 14713.000  | 14713.000 |
| 1     | 0   | 1   | 0   | 0   | 0   | POST   | /api/organizer/competition/9fa5278b/score     | 7.984 | 7.984  | 7.984   | 7.984  | 7.984  | 7.984  | 7.984  | 0.000  | 54.000    | 54.000    | 54.000     | 54.000    |
| 2     | 0   | 1   | 0   | 1   | 0   | GET    | /api/player/player/9fa52879                   | 1.676 | 5.712  | 7.388   | 3.694  | 5.712  | 5.712  | 5.712  | 2.018  | 0.000     | 569.000   | 569.000    | 284.500   |
| 2     | 0   | 1   | 0   | 1   | 0   | GET    | /api/player/player/9fa52986                   | 1.140 | 6.204  | 7.344   | 3.672  | 6.204  | 6.204  | 6.204  | 2.532  | 0.000     | 688.000   | 688.000    | 344.000   |
| 3     | 0   | 2   | 0   | 1   | 0   | GET    | /api/player/player/9fa529bd                   | 0.016 | 5.968  | 7.104   | 2.368  | 5.968  | 5.968  | 5.968  | 2.585  | 0.000     | 584.000   | 1058.000   | 352.667   |
| 2     | 0   | 2   | 0   | 0   | 0   | GET    | /api/player/player/9fa52a07                   | 0.152 | 6.932  | 7.084   | 3.542  | 6.932  | 6.932  | 6.932  | 3.390  | 475.000   | 801.000   | 1276.000   | 638.000   |
| 3     | 0   | 3   | 0   | 0   | 0   | GET    | /api/player/player/20e954c9b                  | 0.760 | 3.188  | 7.036   | 2.345  | 3.188  | 3.188  | 3.188  | 1.122  | 2184.000  | 2184.000  | 6552.000   | 2184.000  |
| 4     | 0   | 4   | 0   | 0   | 0   | GET    | /api/player/player/9fa527c1                   | 0.004 | 6.908  | 6.948   | 1.737  | 6.908  | 6.908  | 6.908  | 2.986  | 459.000   | 784.000   | 2596.000   | 649.000   |
| 1     | 0   | 1   | 0   | 0   | 0   | GET    | /api/player/player/9fa52809                   | 6.932 | 6.932  | 6.932   | 6.932  | 6.932  | 6.932  | 6.932  | 0.000  | 784.000   | 784.000   | 784.000    | 784.000   |
| 2     | 0   | 1   | 0   | 1   | 0   | GET    | /api/player/player/9fa52881                   | 1.200 | 5.700  | 6.900   | 3.450  | 5.700  | 5.700  | 5.700  | 2.250  | 0.000     | 569.000   | 569.000    | 284.500   |
| 1     | 0   | 1   | 0   | 0   | 0   | GET    | /api/player/player/9fa52a68                   | 6.900 | 6.900  | 6.900   | 6.900  | 6.900  | 6.900  | 6.900  | 0.000  | 800.000   | 800.000   | 800.000    | 800.000   |
| 3     | 0   | 3   | 0   | 0   | 0   | GET    | /api/player/player/9fa52847                   | 0.292 | 6.276  | 6.892   | 2.297  | 6.276  | 6.276  | 6.276  | 2.813  | 569.000   | 672.000   | 1810.000   | 603.333   |
| 4     | 0   | 4   | 0   | 0   | 0   | GET    | /api/player/player/9fa529da                   | 0.004 | 6.496  | 6.828   | 1.707  | 6.496  | 6.496  | 6.496  | 2.768  | 280.000   | 800.000   | 2242.000   | 560.500   |
| 3     | 0   | 3   | 0   | 0   | 0   | GET    | /api/player/player/9fa5280d                   | 0.012 | 6.644  | 6.824   | 2.275  | 6.644  | 6.644  | 6.644  | 3.090  | 264.000   | 672.000   | 1608.000   | 536.000   |
| 1     | 0   | 1   | 0   | 0   | 0   | POST   | /api/organizer/competition/9fa53988/score     | 6.820 | 6.820  | 6.820   | 6.820  | 6.820  | 6.820  | 6.820  | 0.000  | 54.000    | 54.000    | 54.000     | 54.000    |
| 1     | 0   | 1   | 0   | 0   | 0   | GET    | /api/player/player/9fa52888                   | 6.812 | 6.812  | 6.812   | 6.812  | 6.812  | 6.812  | 6.812  | 0.000  | 785.000   | 785.000   | 785.000    | 785.000   |
| 1     | 0   | 1   | 0   | 0   | 0   | GET    | /api/player/player/9fa529e7                   | 6.800 | 6.800  | 6.800   | 6.800  | 6.800  | 6.800  | 6.800  | 0.000  | 801.000   | 801.000   | 801.000    | 801.000   |
| 1     | 0   | 1   | 0   | 0   | 0   | POST   | /api/organizer/competition/9fa5308f/score     | 6.800 | 6.800  | 6.800   | 6.800  | 6.800  | 6.800  | 6.800  | 0.000  | 54.000    | 54.000    | 54.000     | 54.000    |
| 2     | 0   | 2   | 0   | 0   | 0   | GET    | /api/player/player/9fa529e1                   | 0.036 | 6.744  | 6.780   | 3.390  | 6.744  | 6.744  | 6.744  | 3.354  | 585.000   | 688.000   | 1273.000   | 636.500   |
| 1     | 0   | 1   | 0   | 0   | 0   | GET    | /api/player/player/9fa52970                   | 6.768 | 6.768  | 6.768   | 6.768  | 6.768  | 6.768  | 6.768  | 0.000  | 585.000   | 585.000   | 585.000    | 585.000   |
| 3     | 0   | 3   | 0   | 0   | 0   | GET    | /api/player/player/9fa52a03                   | 0.004 | 6.748  | 6.760   | 2.253  | 6.748  | 6.748  | 6.748  | 3.178  | 585.000   | 585.000   | 1755.000   | 585.000   |
| 3     | 0   | 3   | 0   | 0   | 0   | GET    | /api/player/player/9fa5293c                   | 0.016 | 6.684  | 6.732   | 2.244  | 6.684  | 6.684  | 6.684  | 3.140  | 687.000   | 800.000   | 2287.000   | 762.333   |
| 3     | 0   | 3   | 0   | 0   | 0   | GET    | /api/player/player/9fa529cc                   | 0.028 | 6.652  | 6.712   | 2.237  | 6.652  | 6.652  | 6.652  | 3.122  | 380.000   | 688.000   | 1653.000   | 551.000   |
| 2     | 0   | 2   | 0   | 0   | 0   | GET    | /api/player/player/9fa52811                   | 0.132 | 6.548  | 6.680   | 3.340  | 6.548  | 6.548  | 6.548  | 3.208  | 264.000   | 785.000   | 1049.000   | 524.500   |
| 1     | 0   | 1   | 0   | 0   | 0   | POST   | /api/organizer/competition/9fa5347f/score     | 6.660 | 6.660  | 6.660   | 6.660  | 6.660  | 6.660  | 6.660  | 0.000  | 54.000    | 54.000    | 54.000     | 54.000    |
| 1     | 0   | 1   | 0   | 0   | 0   | POST   | /api/organizer/competition/9fa53737/score     | 6.640 | 6.640  | 6.640   | 6.640  | 6.640  | 6.640  | 6.640  | 0.000  | 54.000    | 54.000    | 54.000     | 54.000    |
| 4     | 0   | 4   | 0   | 0   | 0   | GET    | /api/player/player/9fa52795                   | 0.004 | 6.480  | 6.560   | 1.640  | 6.480  | 6.480  | 6.480  | 2.794  | 264.000   | 672.000   | 1664.000   | 416.000   |
| 1     | 0   | 1   | 0   | 0   | 0   | GET    | /api/player/player/9fa529b5                   | 6.524 | 6.524  | 6.524   | 6.524  | 6.524  | 6.524  | 6.524  | 0.000  | 687.000   | 687.000   | 687.000    | 687.000   |
| 1     | 0   | 1   | 0   | 0   | 0   | POST   | /api/organizer/competition/9fa52d56/score     | 6.520 | 6.520  | 6.520   | 6.520  | 6.520  | 6.520  | 6.520  | 0.000  | 54.000    | 54.000    | 54.000     | 54.000    |
| 4     | 0   | 4   | 0   | 0   | 0   | GET    | /api/player/player/9fa528bb                   | 0.004 | 6.472  | 6.516   | 1.629  | 6.472  | 6.472  | 6.472  | 2.796  | 459.000   | 568.000   | 2054.000   | 513.500   |
| 1     | 0   | 1   | 0   | 0   | 0   | GET    | /api/player/player/9fa52863                   | 6.484 | 6.484  | 6.484   | 6.484  | 6.484  | 6.484  | 6.484  | 0.000  | 671.000   | 671.000   | 671.000    | 671.000   |
| 3     | 0   | 3   | 0   | 0   | 0   | GET    | /api/player/player/9fa527d5                   | 0.008 | 5.960  | 6.476   | 2.159  | 5.960  | 5.960  | 5.960  | 2.696  | 459.000   | 785.000   | 1916.000   | 638.667   |
| 3     | 0   | 3   | 0   | 0   | 0   | GET    | /api/player/player/9fa52a6e                   | 0.004 | 6.444  | 6.472   | 2.157  | 6.444  | 6.444  | 6.444  | 3.031  | 688.000   | 688.000   | 2064.000   | 688.000   |
| 2     | 0   | 2   | 0   | 0   | 0   | GET    | /api/player/player/9fa52aa1                   | 0.012 | 6.384  | 6.396   | 3.198  | 6.384  | 6.384  | 6.384  | 3.186  | 380.000   | 801.000   | 1181.000   | 590.500   |
| 2     | 0   | 2   | 0   | 0   | 0   | GET    | /api/player/player/9fa5289f                   | 0.004 | 6.352  | 6.356   | 3.178  | 6.352  | 6.352  | 6.352  | 3.174  | 264.000   | 671.000   | 935.000    | 467.500   |
| 5     | 0   | 4   | 0   | 1   | 0   | GET    | /api/player/player/9fa52a39                   | 0.040 | 5.284  | 6.308   | 1.262  | 5.284  | 5.284  | 5.284  | 2.043  | 0.000     | 799.000   | 2144.000   | 428.800   |
| 4     | 0   | 4   | 0   | 0   | 0   | GET    | /api/player/player/9fa52a0d                   | 0.020 | 5.700  | 6.308   | 1.577  | 5.700  | 5.700  | 5.700  | 2.387  | 475.000   | 585.000   | 2230.000   | 557.500   |
| 2     | 0   | 2   | 0   | 0   | 0   | GET    | /api/player/player/9fa527f3                   | 0.012 | 6.260  | 6.272   | 3.136  | 6.260  | 6.260  | 6.260  | 3.124  | 785.000   | 785.000   | 1570.000   | 785.000   |
| 3     | 0   | 3   | 0   | 0   | 0   | GET    | /api/player/player/9fa52914                   | 0.008 | 6.156  | 6.224   | 2.075  | 6.156  | 6.156  | 6.156  | 2.886  | 363.000   | 782.000   | 1927.000   | 642.333   |
| 2     | 0   | 2   | 0   | 0   | 0   | GET    | /api/player/player/9fa52998                   | 0.004 | 6.196  | 6.200   | 3.100  | 6.196  | 6.196  | 6.196  | 3.096  | 380.000   | 475.000   | 855.000    | 427.500   |
| 1     | 0   | 1   | 0   | 0   | 0   | GET    | /api/player/player/9fa52908                   | 6.192 | 6.192  | 6.192   | 6.192  | 6.192  | 6.192  | 6.192  | 0.000  | 568.000   | 568.000   | 568.000    | 568.000   |
| 3     | 0   | 3   | 0   | 0   | 0   | GET    | /api/player/player/9fa52994                   | 0.004 | 6.060  | 6.124   | 2.041  | 6.060  | 6.060  | 6.060  | 2.842  | 380.000   | 688.000   | 1448.000   | 482.667   |
| 1     | 0   | 1   | 0   | 0   | 0   | GET    | /api/player/player/9fa5279d                   | 6.108 | 6.108  | 6.108   | 6.108  | 6.108  | 6.108  | 6.108  | 0.000  | 784.000   | 784.000   | 784.000    | 784.000   |
| 1     | 0   | 1   | 0   | 0   | 0   | GET    | /api/player/player/9fa52961                   | 6.072 | 6.072  | 6.072   | 6.072  | 6.072  | 6.072  | 6.072  | 0.000  | 800.000   | 800.000   | 800.000    | 800.000   |
| 4     | 0   | 4   | 0   | 0   | 0   | GET    | /api/player/player/9fa529f5                   | 0.004 | 5.960  | 6.048   | 1.512  | 5.960  | 5.960  | 5.960  | 2.568  | 380.000   | 801.000   | 2454.000   | 613.500   |
| 1     | 0   | 1   | 0   | 0   | 0   | GET    | /api/player/player/9fa52a89                   | 6.024 | 6.024  | 6.024   | 6.024  | 6.024  | 6.024  | 6.024  | 0.000  | 583.000   | 583.000   | 583.000    | 583.000   |
| 1     | 0   | 1   | 0   | 0   | 0   | GET    | /api/player/player/9fa528cf                   | 5.928 | 5.928  | 5.928   | 5.928  | 5.928  | 5.928  | 5.928  | 0.000  | 783.000   | 783.000   | 783.000    | 783.000   |
| 1     | 0   | 1   | 0   | 0   | 0   | GET    | /api/player/player/9fa529ea                   | 5.876 | 5.876  | 5.876   | 5.876  | 5.876  | 5.876  | 5.876  | 0.000  | 474.000   | 474.000   | 474.000    | 474.000   |
| 3     | 0   | 3   | 0   | 0   | 0   | POST   | /api/organizer/competition/9fa52408/score     | 1.584 | 2.284  | 5.872   | 1.957  | 2.284  | 2.284  | 2.284  | 0.288  | 54.000    | 54.000    | 162.000    | 54.000    |
| 1     | 0   | 1   | 0   | 0   | 0   | GET    | /api/player/player/9fa528dd                   | 5.784 | 5.784  | 5.784   | 5.784  | 5.784  | 5.784  | 5.784  | 0.000  | 784.000   | 784.000   | 784.000    | 784.000   |
| 2     | 0   | 2   | 0   | 0   | 0   | GET    | /api/player/player/9fa529cf                   | 0.040 | 5.712  | 5.752   | 2.876  | 5.712  | 5.712  | 5.712  | 2.836  | 687.000   | 800.000   | 1487.000   | 743.500   |
| 1     | 0   | 1   | 0   | 0   | 0   | GET    | /api/player/player/9fa52816                   | 5.752 | 5.752  | 5.752   | 5.752  | 5.752  | 5.752  | 5.752  | 0.000  | 459.000   | 459.000   | 459.000    | 459.000   |
| 1     | 0   | 1   | 0   | 0   | 0   | POST   | /api/organizer/competition/9fa52aaa/score     | 5.744 | 5.744  | 5.744   | 5.744  | 5.744  | 5.744  | 5.744  | 0.000  | 54.000    | 54.000    | 54.000     | 54.000    |
| 2     | 0   | 2   | 0   | 0   | 0   | GET    | /api/player/player/9fa52a10                   | 0.040 | 5.680  | 5.720   | 2.860  | 5.680  | 5.680  | 5.680  | 2.820  | 584.000   | 800.000   | 1384.000   | 692.000   |
| 1     | 0   | 1   | 0   | 0   | 0   | GET    | /api/player/player/9fa528c2                   | 5.696 | 5.696  | 5.696   | 5.696  | 5.696  | 5.696  | 5.696  | 0.000  | 672.000   | 672.000   | 672.000    | 672.000   |
| 1     | 0   | 1   | 0   | 0   | 0   | GET    | /api/player/player/9fa529b9                   | 5.540 | 5.540  | 5.540   | 5.540  | 5.540  | 5.540  | 5.540  | 0.000  | 475.000   | 475.000   | 475.000    | 475.000   |
| 1     | 0   | 1   | 0   | 0   | 0   | GET    | /api/player/player/9fa52958                   | 5.484 | 5.484  | 5.484   | 5.484  | 5.484  | 5.484  | 5.484  | 0.000  | 801.000   | 801.000   | 801.000    | 801.000   |
| 2     | 0   | 2   | 0   | 0   | 0   | POST   | /api/organizer/competition/9fa53958/score     | 2.488 | 2.844  | 5.332   | 2.666  | 2.844  | 2.844  | 2.844  | 0.178  | 54.000    | 54.000    | 108.000    | 54.000    |
| 1     | 0   | 1   | 0   | 0   | 0   | GET    | /api/player/player/9fa52a65                   | 5.264 | 5.264  | 5.264   | 5.264  | 5.264  | 5.264  | 5.264  | 0.000  | 475.000   | 475.000   | 475.000    | 475.000   |
| 2     | 0   | 2   | 0   | 0   | 0   | GET    | /api/player/player/9fa53060                   | 1.748 | 3.412  | 5.160   | 2.580  | 3.412  | 3.412  | 3.412  | 0.832  | 297.000   | 297.000   | 594.000    | 297.000   |
| 1     | 0   | 1   | 0   | 0   | 0   | GET    | /api/player/player/9fa527a6                   | 5.072 | 5.072  | 5.072   | 5.072  | 5.072  | 5.072  | 5.072  | 0.000  | 364.000   | 364.000   | 364.000    | 364.000   |
| 2     | 0   | 2   | 0   | 0   | 0   | GET    | /api/player/player/d73dc6d6                   | 2.328 | 2.576  | 4.904   | 2.452  | 2.576  | 2.576  | 2.576  | 0.124  | 2317.000  | 2317.000  | 4634.000   | 2317.000  |
| 2     | 0   | 2   | 0   | 0   | 0   | GET    | /api/player/player/4d86e5ad6                  | 1.852 | 3.020  | 4.872   | 2.436  | 3.020  | 3.020  | 3.020  | 0.584  | 1899.000  | 1899.000  | 3798.000   | 1899.000  |
| 2     | 0   | 2   | 0   | 0   | 0   | GET    | /api/player/player/34bfbb916                  | 1.968 | 2.900  | 4.868   | 2.434  | 2.900  | 2.900  | 2.900  | 0.466  | 2130.000  | 2130.000  | 4260.000   | 2130.000  |
| 2     | 0   | 0   | 0   | 2   | 0   | GET    | /api/player/player/9fa528be                   | 2.200 | 2.392  | 4.592   | 2.296  | 2.392  | 2.392  | 2.392  | 0.096  | 0.000     | 0.000     | 0.000      | 0.000     |
| 2     | 0   | 2   | 0   | 0   | 0   | POST   | /api/organizer/competition/9fa53424/score     | 2.020 | 2.504  | 4.524   | 2.262  | 2.504  | 2.504  | 2.504  | 0.242  | 53.000    | 53.000    | 106.000    | 53.000    |
| 2     | 0   | 2   | 0   | 0   | 0   | GET    | /api/player/player/29b75242f                  | 2.176 | 2.336  | 4.512   | 2.256  | 2.336  | 2.336  | 2.336  | 0.080  | 2227.000  | 2227.000  | 4454.000   | 2227.000  |
| 2     | 0   | 2   | 0   | 0   | 0   | GET    | /api/player/player/a81ea2bc                   | 1.772 | 2.648  | 4.420   | 2.210  | 2.648  | 2.648  | 2.648  | 0.438  | 2086.000  | 2086.000  | 4172.000   | 2086.000  |
| 2     | 0   | 2   | 0   | 0   | 0   | POST   | /api/organizer/competition/9fa53832/score     | 2.060 | 2.344  | 4.404   | 2.202  | 2.344  | 2.344  | 2.344  | 0.142  | 54.000    | 54.000    | 108.000    | 54.000    |
| 2     | 0   | 2   | 0   | 0   | 0   | POST   | /api/organizer/competition/9fa52525/score     | 1.948 | 2.404  | 4.352   | 2.176  | 2.404  | 2.404  | 2.404  | 0.228  | 53.000    | 53.000    | 106.000    | 53.000    |
| 2     | 0   | 2   | 0   | 0   | 0   | GET    | /api/player/player/6569c323                   | 1.784 | 2.556  | 4.340   | 2.170  | 2.556  | 2.556  | 2.556  | 0.386  | 2417.000  | 2417.000  | 4834.000   | 2417.000  |
| 2     | 0   | 2   | 0   | 0   | 0   | POST   | /api/organizer/competition/9fa5278c/score     | 2.000 | 2.044  | 4.044   | 2.022  | 2.044  | 2.044  | 2.044  | 0.022  | 53.000    | 53.000    | 106.000    | 53.000    |
| 2     | 0   | 2   | 0   | 0   | 0   | GET    | /api/player/player/2681fa954                  | 1.628 | 2.396  | 4.024   | 2.012  | 2.396  | 2.396  | 2.396  | 0.384  | 2322.000  | 2322.000  | 4644.000   | 2322.000  |
| 2     | 0   | 2   | 0   | 0   | 0   | POST   | /api/organizer/competition/9fa5365a/score     | 1.968 | 2.036  | 4.004   | 2.002  | 2.036  | 2.036  | 2.036  | 0.034  | 54.000    | 54.000    | 108.000    | 54.000    |
| 2     | 0   | 2   | 0   | 0   | 0   | GET    | /api/player/player/1c40a0bf9                  | 1.260 | 2.452  | 3.712   | 1.856  | 2.452  | 2.452  | 2.452  | 0.596  | 2420.000  | 2420.000  | 4840.000   | 2420.000  |
| 2     | 0   | 2   | 0   | 0   | 0   | POST   | /api/organizer/competition/9fa52c5b/score     | 1.676 | 1.976  | 3.652   | 1.826  | 1.976  | 1.976  | 1.976  | 0.150  | 54.000    | 54.000    | 108.000    | 54.000    |
| 3     | 0   | 3   | 0   | 0   | 0   | GET    | /api/player/player/43d5faf0e                  | 0.260 | 2.916  | 3.652   | 1.217  | 2.916  | 2.916  | 2.916  | 1.204  | 1987.000  | 2105.000  | 6079.000   | 2026.333  |
| 1     | 0   | 1   | 0   | 0   | 0   | GET    | /api/player/player/9fa530b1                   | 3.620 | 3.620  | 3.620   | 3.620  | 3.620  | 3.620  | 3.620  | 0.000  | 297.000   | 297.000   | 297.000    | 297.000   |
| 2     | 0   | 2   | 0   | 0   | 0   | GET    | /api/player/competition/5eb1490d8/ranking     | 1.460 | 2.028  | 3.488   | 1.744  | 2.028  | 2.028  | 2.028  | 0.284  | 14734.000 | 14734.000 | 29468.000  | 14734.000 |
| 1     | 0   | 1   | 0   | 0   | 0   | GET    | /api/player/player/2a73c6e3e                  | 3.388 | 3.388  | 3.388   | 3.388  | 3.388  | 3.388  | 3.388  | 0.000  | 2321.000  | 2321.000  | 2321.000   | 2321.000  |
| 1     | 0   | 1   | 0   | 0   | 0   | GET    | /api/player/player/9fa5316d                   | 3.364 | 3.364  | 3.364   | 3.364  | 3.364  | 3.364  | 3.364  | 0.000  | 297.000   | 297.000   | 297.000    | 297.000   |
| 1     | 0   | 1   | 0   | 0   | 0   | POST   | /api/organizer/competition/9fa52eb0/score     | 3.328 | 3.328  | 3.328   | 3.328  | 3.328  | 3.328  | 3.328  | 0.000  | 54.000    | 54.000    | 54.000     | 54.000    |
| 2     | 0   | 2   | 0   | 0   | 0   | POST   | /api/organizer/competition/9fa52e56/score     | 1.212 | 2.068  | 3.280   | 1.640  | 2.068  | 2.068  | 2.068  | 0.428  | 53.000    | 53.000    | 106.000    | 53.000    |
| 1     | 0   | 1   | 0   | 0   | 0   | GET    | /api/player/player/48bb6764d                  | 3.172 | 3.172  | 3.172   | 3.172  | 3.172  | 3.172  | 3.172  | 0.000  | 1749.000  | 1749.000  | 1749.000   | 1749.000  |
| 1     | 0   | 1   | 0   | 0   | 0   | GET    | /api/player/player/2264460f1                  | 3.124 | 3.124  | 3.124   | 3.124  | 3.124  | 3.124  | 3.124  | 0.000  | 2432.000  | 2432.000  | 2432.000   | 2432.000  |
| 1     | 0   | 1   | 0   | 0   | 0   | GET    | /api/player/player/9fa53030                   | 3.116 | 3.116  | 3.116   | 3.116  | 3.116  | 3.116  | 3.116  | 0.000  | 281.000   | 281.000   | 281.000    | 281.000   |
| 1     | 0   | 1   | 0   | 0   | 0   | GET    | /api/player/player/1e1b03a03                  | 3.112 | 3.112  | 3.112   | 3.112  | 3.112  | 3.112  | 3.112  | 0.000  | 2317.000  | 2317.000  | 2317.000   | 2317.000  |
| 2     | 0   | 2   | 0   | 0   | 0   | POST   | /api/organizer/competition/9fa5302e/score     | 1.508 | 1.560  | 3.068   | 1.534  | 1.560  | 1.560  | 1.560  | 0.026  | 53.000    | 53.000    | 106.000    | 53.000    |
| 1     | 0   | 1   | 0   | 0   | 0   | GET    | /api/player/player/9fa530c5                   | 3.016 | 3.016  | 3.016   | 3.016  | 3.016  | 3.016  | 3.016  | 0.000  | 297.000   | 297.000   | 297.000    | 297.000   |
| 1     | 0   | 1   | 0   | 0   | 0   | GET    | /api/player/player/45d050831                  | 2.952 | 2.952  | 2.952   | 2.952  | 2.952  | 2.952  | 2.952  | 0.000  | 2140.000  | 2140.000  | 2140.000   | 2140.000  |
| 99    | 0   | 99  | 0   | 0   | 0   | GET    | /api/player/competition/9fa5393c/ranking      | 0.008 | 0.104  | 2.936   | 0.030  | 0.052  | 0.068  | 0.104  | 0.018  | 305.000   | 305.000   | 30195.000  | 305.000   |
| 1     | 0   | 1   | 0   | 0   | 0   | GET    | /api/player/player/3f7183290                  | 2.828 | 2.828  | 2.828   | 2.828  | 2.828  | 2.828  | 2.828  | 0.000  | 2080.000  | 2080.000  | 2080.000   | 2080.000  |
| 1     | 0   | 1   | 0   | 0   | 0   | POST   | /initialize                                   | 2.772 | 2.772  | 2.772   | 2.772  | 2.772  | 2.772  | 2.772  | 0.000  | 55.000    | 55.000    | 55.000     | 55.000    |
| 1     | 0   | 1   | 0   | 0   | 0   | GET    | /api/player/player/28a1e8344                  | 2.600 | 2.600  | 2.600   | 2.600  | 2.600  | 2.600  | 2.600  | 0.000  | 1994.000  | 1994.000  | 1994.000   | 1994.000  |
| 1     | 0   | 1   | 0   | 0   | 0   | GET    | /api/player/player/9fa52fdd                   | 2.548 | 2.548  | 2.548   | 2.548  | 2.548  | 2.548  | 2.548  | 0.000  | 281.000   | 281.000   | 281.000    | 281.000   |
| 1     | 0   | 1   | 0   | 0   | 0   | GET    | /api/player/competition/22c60dce0/ranking     | 2.540 | 2.540  | 2.540   | 2.540  | 2.540  | 2.540  | 2.540  | 0.000  | 7081.000  | 7081.000  | 7081.000   | 7081.000  |
| 1     | 0   | 1   | 0   | 0   | 0   | GET    | /api/player/player/58d22e212                  | 2.504 | 2.504  | 2.504   | 2.504  | 2.504  | 2.504  | 2.504  | 0.000  | 1664.000  | 1664.000  | 1664.000   | 1664.000  |
| 1     | 0   | 0   | 0   | 1   | 0   | POST   | /api/organizer/competition/9fa53bd9/score     | 2.504 | 2.504  | 2.504   | 2.504  | 2.504  | 2.504  | 2.504  | 0.000  | 0.000     | 0.000     | 0.000      | 0.000     |
| 1     | 0   | 1   | 0   | 0   | 0   | GET    | /api/player/player/5c1ecfb81                  | 2.476 | 2.476  | 2.476   | 2.476  | 2.476  | 2.476  | 2.476  | 0.000  | 1766.000  | 1766.000  | 1766.000   | 1766.000  |
| 2     | 0   | 1   | 0   | 1   | 0   | GET    | /api/player/player/9fa52a5d                   | 0.004 | 2.468  | 2.472   | 1.236  | 2.468  | 2.468  | 2.468  | 1.232  | 0.000     | 585.000   | 585.000    | 292.500   |
| 2     | 0   | 2   | 0   | 0   | 0   | GET    | /api/player/player/3fed7d73d                  | 0.248 | 2.196  | 2.444   | 1.222  | 2.196  | 2.196  | 2.196  | 0.974  | 1892.000  | 2010.000  | 3902.000   | 1951.000  |
| 2     | 0   | 1   | 0   | 1   | 0   | GET    | /api/player/player/9fa52ff2                   | 0.756 | 1.632  | 2.388   | 1.194  | 1.632  | 1.632  | 1.632  | 0.438  | 0.000     | 281.000   | 281.000    | 140.500   |
| 3     | 0   | 2   | 0   | 1   | 0   | GET    | /api/player/player/9fa527e3                   | 0.024 | 2.332  | 2.356   | 0.785  | 2.332  | 2.332  | 2.332  | 1.094  | 0.000     | 672.000   | 1036.000   | 345.333   |
| 2     | 0   | 2   | 0   | 0   | 0   | GET    | /api/player/player/506057f57                  | 0.368 | 1.948  | 2.316   | 1.158  | 1.948  | 1.948  | 1.948  | 0.790  | 1537.000  | 1537.000  | 3074.000   | 1537.000  |
| 1     | 0   | 1   | 0   | 0   | 0   | POST   | /api/organizer/competition/9fa53ac2/score     | 2.312 | 2.312  | 2.312   | 2.312  | 2.312  | 2.312  | 2.312  | 0.000  | 53.000    | 53.000    | 53.000     | 53.000    |
| 1     | 0   | 1   | 0   | 0   | 0   | GET    | /api/player/player/43e67f6f8                  | 2.264 | 2.264  | 2.264   | 2.264  | 2.264  | 2.264  | 2.264  | 0.000  | 2137.000  | 2137.000  | 2137.000   | 2137.000  |
| 2     | 0   | 2   | 0   | 0   | 0   | GET    | /api/player/player/e8cbf29a                   | 0.272 | 1.980  | 2.252   | 1.126  | 1.980  | 1.980  | 1.980  | 0.854  | 2108.000  | 2226.000  | 4334.000   | 2167.000  |
| 1     | 0   | 1   | 0   | 0   | 0   | POST   | /api/organizer/competition/9fa52aad/score     | 2.240 | 2.240  | 2.240   | 2.240  | 2.240  | 2.240  | 2.240  | 0.000  | 53.000    | 53.000    | 53.000     | 53.000    |
| 1     | 0   | 1   | 0   | 0   | 0   | GET    | /api/player/player/21aedda1b                  | 2.216 | 2.216  | 2.216   | 2.216  | 2.216  | 2.216  | 2.216  | 0.000  | 2319.000  | 2319.000  | 2319.000   | 2319.000  |
| 1     | 0   | 1   | 0   | 0   | 0   | POST   | /api/organizer/competition/9fa52e2b/score     | 2.216 | 2.216  | 2.216   | 2.216  | 2.216  | 2.216  | 2.216  | 0.000  | 53.000    | 53.000    | 53.000     | 53.000    |
| 1     | 0   | 1   | 0   | 0   | 0   | GET    | /api/player/player/53c670199                  | 2.140 | 2.140  | 2.140   | 2.140  | 2.140  | 2.140  | 2.140  | 0.000  | 1764.000  | 1764.000  | 1764.000   | 1764.000  |
| 1     | 0   | 0   | 0   | 1   | 0   | GET    | /api/player/player/9fa527b1                   | 2.124 | 2.124  | 2.124   | 2.124  | 2.124  | 2.124  | 2.124  | 0.000  | 0.000     | 0.000     | 0.000      | 0.000     |
| 1     | 0   | 1   | 0   | 0   | 0   | GET    | /api/player/player/247c5cd4d                  | 2.116 | 2.116  | 2.116   | 2.116  | 2.116  | 2.116  | 2.116  | 0.000  | 2421.000  | 2421.000  | 2421.000   | 2421.000  |
| 1     | 0   | 1   | 0   | 0   | 0   | GET    | /api/player/player/609b09057                  | 2.088 | 2.088  | 2.088   | 2.088  | 2.088  | 2.088  | 2.088  | 0.000  | 1405.000  | 1405.000  | 1405.000   | 1405.000  |
| 1     | 0   | 1   | 0   | 0   | 0   | GET    | /api/player/player/9fa52fe9                   | 2.076 | 2.076  | 2.076   | 2.076  | 2.076  | 2.076  | 2.076  | 0.000  | 281.000   | 281.000   | 281.000    | 281.000   |
| 1     | 0   | 1   | 0   | 0   | 0   | GET    | /api/player/player/1e75a92e7                  | 2.068 | 2.068  | 2.068   | 2.068  | 2.068  | 2.068  | 2.068  | 0.000  | 2183.000  | 2183.000  | 2183.000   | 2183.000  |
| 1     | 0   | 1   | 0   | 0   | 0   | GET    | /api/player/player/565cb78eb                  | 2.048 | 2.048  | 2.048   | 2.048  | 2.048  | 2.048  | 2.048  | 0.000  | 1659.000  | 1659.000  | 1659.000   | 1659.000  |
| 1     | 0   | 1   | 0   | 0   | 0   | GET    | /api/player/player/9fa53020                   | 2.012 | 2.012  | 2.012   | 2.012  | 2.012  | 2.012  | 2.012  | 0.000  | 281.000   | 281.000   | 281.000    | 281.000   |
| 1     | 0   | 1   | 0   | 0   | 0   | GET    | /api/player/player/114f3f6a2                  | 2.008 | 2.008  | 2.008   | 2.008  | 2.008  | 2.008  | 2.008  | 0.000  | 2210.000  | 2210.000  | 2210.000   | 2210.000  |
| 1     | 0   | 1   | 0   | 0   | 0   | POST   | /api/organizer/competition/9fa5346d/score     | 1.968 | 1.968  | 1.968   | 1.968  | 1.968  | 1.968  | 1.968  | 0.000  | 53.000    | 53.000    | 53.000     | 53.000    |
| 2     | 0   | 2   | 0   | 0   | 0   | GET    | /api/player/player/8dd22718                   | 0.236 | 1.712  | 1.948   | 0.974  | 1.712  | 1.712  | 1.712  | 0.738  | 2177.000  | 2295.000  | 4472.000   | 2236.000  |
| 2     | 0   | 2   | 0   | 0   | 0   | GET    | /api/player/player/9fa53133                   | 0.776 | 1.168  | 1.944   | 0.972  | 1.168  | 1.168  | 1.168  | 0.196  | 297.000   | 297.000   | 594.000    | 297.000   |
| 1     | 0   | 1   | 0   | 0   | 0   | GET    | /api/player/player/9fa53089                   | 1.928 | 1.928  | 1.928   | 1.928  | 1.928  | 1.928  | 1.928  | 0.000  | 297.000   | 297.000   | 297.000    | 297.000   |
| 1     | 0   | 1   | 0   | 0   | 0   | GET    | /api/player/player/9fa53040                   | 1.920 | 1.920  | 1.920   | 1.920  | 1.920  | 1.920  | 1.920  | 0.000  | 297.000   | 297.000   | 297.000    | 297.000   |
| 2     | 0   | 2   | 0   | 0   | 0   | GET    | /api/player/player/518dfb33a                  | 0.276 | 1.620  | 1.896   | 0.948  | 1.620  | 1.620  | 1.620  | 0.672  | 1641.000  | 1759.000  | 3400.000   | 1700.000  |
| 2     | 0   | 1   | 0   | 1   | 0   | GET    | /api/player/player/9fa528a8                   | 0.004 | 1.892  | 1.896   | 0.948  | 1.892  | 1.892  | 1.892  | 0.944  | 0.000     | 672.000   | 672.000    | 336.000   |
| 2     | 0   | 2   | 0   | 0   | 0   | POST   | /api/organizer/competition/9fa52a92/score     | 0.916 | 0.924  | 1.840   | 0.920  | 0.924  | 0.924  | 0.924  | 0.004  | 53.000    | 53.000    | 106.000    | 53.000    |
| 1     | 0   | 1   | 0   | 0   | 0   | GET    | /api/player/competition/330412edb/ranking     | 1.816 | 1.816  | 1.816   | 1.816  | 1.816  | 1.816  | 1.816  | 0.000  | 14715.000 | 14715.000 | 14715.000  | 14715.000 |
| 1     | 0   | 1   | 0   | 0   | 0   | POST   | /api/organizer/competition/9fa53be3/score     | 1.816 | 1.816  | 1.816   | 1.816  | 1.816  | 1.816  | 1.816  | 0.000  | 53.000    | 53.000    | 53.000     | 53.000    |
| 101   | 0   | 89  | 0   | 12  | 0   | GET    | /api/player/competitions                      | 0.004 | 0.064  | 1.760   | 0.017  | 0.036  | 0.044  | 0.060  | 0.015  | 39.000    | 2856.000  | 118220.000 | 1170.495  |
| 1     | 0   | 0   | 0   | 1   | 0   | GET    | /api/player/player/9fa52835                   | 1.744 | 1.744  | 1.744   | 1.744  | 1.744  | 1.744  | 1.744  | 0.000  | 0.000     | 0.000     | 0.000      | 0.000     |
| 2     | 0   | 1   | 0   | 1   | 0   | GET    | /api/player/player/9fa5284b                   | 0.008 | 1.644  | 1.652   | 0.826  | 1.644  | 1.644  | 1.644  | 0.818  | 0.000     | 783.000   | 783.000    | 391.500   |
| 1     | 0   | 1   | 0   | 0   | 0   | GET    | /api/player/player/26bf5deed                  | 1.592 | 1.592  | 1.592   | 1.592  | 1.592  | 1.592  | 1.592  | 0.000  | 2329.000  | 2329.000  | 2329.000   | 2329.000  |
| 1     | 0   | 1   | 0   | 0   | 0   | GET    | /api/player/player/9fa53028                   | 1.560 | 1.560  | 1.560   | 1.560  | 1.560  | 1.560  | 1.560  | 0.000  | 281.000   | 281.000   | 281.000    | 281.000   |
| 1     | 0   | 1   | 0   | 0   | 0   | GET    | /api/player/player/386e47125                  | 1.556 | 1.556  | 1.556   | 1.556  | 1.556  | 1.556  | 1.556  | 0.000  | 2226.000  | 2226.000  | 2226.000   | 2226.000  |
| 1     | 0   | 1   | 0   | 0   | 0   | GET    | /api/player/player/3126c018b                  | 1.540 | 1.540  | 1.540   | 1.540  | 1.540  | 1.540  | 1.540  | 0.000  | 1710.000  | 1710.000  | 1710.000   | 1710.000  |
| 1     | 0   | 0   | 0   | 1   | 0   | GET    | /api/player/player/9fa52938                   | 1.528 | 1.528  | 1.528   | 1.528  | 1.528  | 1.528  | 1.528  | 0.000  | 0.000     | 0.000     | 0.000      | 0.000     |
| 2     | 0   | 2   | 0   | 0   | 0   | GET    | /api/player/player/2bc467a6d                  | 0.560 | 0.944  | 1.504   | 0.752  | 0.944  | 0.944  | 0.944  | 0.192  | 2106.000  | 2224.000  | 4330.000   | 2165.000  |
| 4     | 0   | 3   | 0   | 1   | 0   | GET    | /api/player/player/635b92596                  | 0.004 | 0.544  | 1.464   | 0.366  | 0.544  | 0.544  | 0.544  | 0.215  | 39.000    | 1076.000  | 3265.000   | 816.250   |
| 78    | 0   | 78  | 0   | 0   | 0   | GET    | /api/player/competition/9fa53038/ranking      | 0.008 | 0.040  | 1.452   | 0.019  | 0.028  | 0.032  | 0.040  | 0.007  | 1805.000  | 1805.000  | 140790.000 | 1805.000  |
| 4     | 0   | 3   | 0   | 1   | 0   | GET    | /api/player/player/62f7991a8                  | 0.020 | 0.504  | 1.436   | 0.359  | 0.504  | 0.504  | 0.504  | 0.198  | 39.000    | 929.000   | 2824.000   | 706.000   |
| 1     | 0   | 1   | 0   | 0   | 0   | GET    | /api/player/player/4d02bca9d                  | 1.416 | 1.416  | 1.416   | 1.416  | 1.416  | 1.416  | 1.416  | 0.000  | 1863.000  | 1863.000  | 1863.000   | 1863.000  |
| 2     | 0   | 1   | 0   | 1   | 0   | GET    | /api/player/player/9fa528b6                   | 0.004 | 1.408  | 1.412   | 0.706  | 1.408  | 1.408  | 1.408  | 0.702  | 0.000     | 569.000   | 569.000    | 284.500   |
| 1     | 0   | 1   | 0   | 0   | 0   | GET    | /api/player/player/2072c5370                  | 1.396 | 1.396  | 1.396   | 1.396  | 1.396  | 1.396  | 1.396  | 0.000  | 2192.000  | 2192.000  | 2192.000   | 2192.000  |
| 1     | 0   | 1   | 0   | 0   | 0   | GET    | /api/player/player/9fa530c0                   | 1.388 | 1.388  | 1.388   | 1.388  | 1.388  | 1.388  | 1.388  | 0.000  | 297.000   | 297.000   | 297.000    | 297.000   |
| 2     | 0   | 1   | 0   | 1   | 0   | GET    | /api/player/player/9fa52a27                   | 0.016 | 1.368  | 1.384   | 0.692  | 1.368  | 1.368  | 1.368  | 0.676  | 0.000     | 801.000   | 801.000    | 400.500   |
| 2     | 0   | 1   | 0   | 1   | 0   | GET    | /api/player/player/9fa52a1a                   | 0.008 | 1.372  | 1.380   | 0.690  | 1.372  | 1.372  | 1.372  | 0.682  | 0.000     | 585.000   | 585.000    | 292.500   |
| 2     | 0   | 2   | 0   | 0   | 0   | GET    | /api/player/player/19dec8211                  | 0.560 | 0.772  | 1.332   | 0.666  | 0.772  | 0.772  | 0.772  | 0.106  | 2190.000  | 2190.000  | 4380.000   | 2190.000  |
| 1     | 0   | 1   | 0   | 0   | 0   | GET    | /api/player/player/57aea4599                  | 1.320 | 1.320  | 1.320   | 1.320  | 1.320  | 1.320  | 1.320  | 0.000  | 1676.000  | 1676.000  | 1676.000   | 1676.000  |
| 2     | 0   | 2   | 0   | 0   | 0   | GET    | /api/player/player/1db0fc106                  | 0.424 | 0.800  | 1.224   | 0.612  | 0.800  | 0.800  | 0.800  | 0.188  | 2058.000  | 2058.000  | 4116.000   | 2058.000  |
| 2     | 0   | 2   | 0   | 0   | 0   | POST   | /api/organizer/competition/9fa53b9c/score     | 0.448 | 0.716  | 1.164   | 0.582  | 0.716  | 0.716  | 0.716  | 0.134  | 53.000    | 53.000    | 106.000    | 53.000    |
| 37    | 0   | 36  | 0   | 1   | 0   | POST   | /api/organizer/competitions/add               | 0.008 | 0.072  | 1.104   | 0.030  | 0.048  | 0.064  | 0.072  | 0.014  | 39.000    | 195.000   | 5965.000   | 161.216   |
| 1     | 0   | 1   | 0   | 0   | 0   | GET    | /api/player/player/1f8f0fbf4                  | 1.092 | 1.092  | 1.092   | 1.092  | 1.092  | 1.092  | 1.092  | 0.000  | 2213.000  | 2213.000  | 2213.000   | 2213.000  |
| 2     | 0   | 2   | 0   | 0   | 0   | POST   | /api/organizer/competition/9fa532a8/score     | 0.504 | 0.576  | 1.080   | 0.540  | 0.576  | 0.576  | 0.576  | 0.036  | 53.000    | 53.000    | 106.000    | 53.000    |
| 1     | 0   | 1   | 0   | 0   | 0   | GET    | /api/player/player/bb5a57a5                   | 1.064 | 1.064  | 1.064   | 1.064  | 1.064  | 1.064  | 1.064  | 0.000  | 2401.000  | 2401.000  | 2401.000   | 2401.000  |
| 1     | 0   | 0   | 0   | 1   | 0   | GET    | /api/player/player/9fa527a2                   | 1.036 | 1.036  | 1.036   | 1.036  | 1.036  | 1.036  | 1.036  | 0.000  | 0.000     | 0.000     | 0.000      | 0.000     |
| 1     | 0   | 1   | 0   | 0   | 0   | GET    | /api/player/player/2314bb642                  | 1.016 | 1.016  | 1.016   | 1.016  | 1.016  | 1.016  | 1.016  | 0.000  | 2514.000  | 2514.000  | 2514.000   | 2514.000  |
| 1     | 0   | 1   | 0   | 0   | 0   | GET    | /api/player/player/584ecae37                  | 1.012 | 1.012  | 1.012   | 1.012  | 1.012  | 1.012  | 1.012  | 0.000  | 1653.000  | 1653.000  | 1653.000   | 1653.000  |
| 1     | 0   | 1   | 0   | 0   | 0   | POST   | /api/organizer/competition/9fa53757/score     | 0.984 | 0.984  | 0.984   | 0.984  | 0.984  | 0.984  | 0.984  | 0.000  | 53.000    | 53.000    | 53.000     | 53.000    |
| 40    | 0   | 40  | 0   | 0   | 0   | GET    | /api/player/competition/9fa53757/ranking      | 0.012 | 0.080  | 0.936   | 0.023  | 0.032  | 0.036  | 0.080  | 0.012  | 5209.000  | 5209.000  | 208360.000 | 5209.000  |
| 1     | 0   | 1   | 0   | 0   | 0   | GET    | /api/player/competition/20e8f0aed/ranking     | 0.864 | 0.864  | 0.864   | 0.864  | 0.864  | 0.864  | 0.864  | 0.000  | 14712.000 | 14712.000 | 14712.000  | 14712.000 |
| 1     | 0   | 1   | 0   | 0   | 0   | GET    | /api/player/player/259240f53                  | 0.828 | 0.828  | 0.828   | 0.828  | 0.828  | 0.828  | 0.828  | 0.000  | 2195.000  | 2195.000  | 2195.000   | 2195.000  |
| 1     | 0   | 0   | 0   | 1   | 0   | GET    | /api/player/player/9fa52a74                   | 0.800 | 0.800  | 0.800   | 0.800  | 0.800  | 0.800  | 0.800  | 0.000  | 0.000     | 0.000     | 0.000      | 0.000     |
| 2     | 0   | 2   | 0   | 0   | 0   | GET    | /api/player/player/105625e43                  | 0.260 | 0.536  | 0.796   | 0.398  | 0.536  | 0.536  | 0.536  | 0.138  | 2188.000  | 2188.000  | 4376.000   | 2188.000  |
| 1     | 0   | 1   | 0   | 0   | 0   | POST   | /api/organizer/competition/9fa52cc0/score     | 0.788 | 0.788  | 0.788   | 0.788  | 0.788  | 0.788  | 0.788  | 0.000  | 53.000    | 53.000    | 53.000     | 53.000    |
| 2     | 0   | 2   | 0   | 0   | 0   | GET    | /api/player/player/2fb5f6e71                  | 0.376 | 0.396  | 0.772   | 0.386  | 0.396  | 0.396  | 0.396  | 0.010  | 2097.000  | 2097.000  | 4194.000   | 2097.000  |
| 1     | 0   | 0   | 0   | 1   | 0   | POST   | /api/organizer/competition/9fa53c99/score     | 0.720 | 0.720  | 0.720   | 0.720  | 0.720  | 0.720  | 0.720  | 0.000  | 0.000     | 0.000     | 0.000      | 0.000     |
| 41    | 0   | 41  | 0   | 0   | 0   | GET    | /api/player/competition/9fa532e3/ranking      | 0.008 | 0.056  | 0.716   | 0.017  | 0.032  | 0.036  | 0.056  | 0.010  | 927.000   | 927.000   | 38007.000  | 927.000   |
| 2     | 0   | 2   | 0   | 0   | 0   | GET    | /api/player/player/4248b2d4c                  | 0.272 | 0.360  | 0.632   | 0.316  | 0.360  | 0.360  | 0.360  | 0.044  | 1546.000  | 1546.000  | 3092.000   | 1546.000  |
| 1     | 0   | 1   | 0   | 0   | 0   | GET    | /api/player/player/3c9a3ff43                  | 0.628 | 0.628  | 0.628   | 0.628  | 0.628  | 0.628  | 0.628  | 0.000  | 2207.000  | 2207.000  | 2207.000   | 2207.000  |
| 2     | 0   | 2   | 0   | 0   | 0   | GET    | /api/player/player/7e169888                   | 0.252 | 0.316  | 0.568   | 0.284  | 0.316  | 0.316  | 0.316  | 0.032  | 1844.000  | 1844.000  | 3688.000   | 1844.000  |
| 2     | 0   | 2   | 0   | 0   | 0   | GET    | /api/player/player/9fa52a2b                   | 0.004 | 0.512  | 0.516   | 0.258  | 0.512  | 0.512  | 0.512  | 0.254  | 585.000   | 801.000   | 1386.000   | 693.000   |
| 24    | 0   | 24  | 0   | 0   | 0   | GET    | /api/player/competition/9fa5346d/ranking      | 0.012 | 0.036  | 0.512   | 0.021  | 0.028  | 0.028  | 0.036  | 0.006  | 9362.000  | 9362.000  | 224688.000 | 9362.000  |
| 21    | 0   | 21  | 0   | 0   | 0   | GET    | /api/player/competition/9fa52e2b/ranking      | 0.016 | 0.044  | 0.500   | 0.024  | 0.032  | 0.032  | 0.044  | 0.007  | 9504.000  | 9504.000  | 199584.000 | 9504.000  |
| 11    | 0   | 6   | 0   | 5   | 0   | POST   | /api/admin/tenants/add                        | 0.004 | 0.220  | 0.496   | 0.045  | 0.060  | 0.220  | 0.220  | 0.060  | 39.000    | 194.000   | 1300.000   | 118.182   |
| 1     | 0   | 1   | 0   | 0   | 0   | GET    | /api/player/player/1676e7751                  | 0.496 | 0.496  | 0.496   | 0.496  | 0.496  | 0.496  | 0.496  | 0.000  | 2394.000  | 2394.000  | 2394.000   | 2394.000  |
| 4     | 0   | 3   | 0   | 1   | 0   | GET    | /api/player/player/62f89e56b                  | 0.004 | 0.184  | 0.468   | 0.117  | 0.184  | 0.184  | 0.184  | 0.068  | 39.000    | 792.000   | 2413.000   | 603.250   |
| 1     | 0   | 1   | 0   | 0   | 0   | GET    | /api/player/player/36b877033                  | 0.456 | 0.456  | 0.456   | 0.456  | 0.456  | 0.456  | 0.456  | 0.000  | 2212.000  | 2212.000  | 2212.000   | 2212.000  |
| 1     | 0   | 1   | 0   | 0   | 0   | GET    | /api/player/player/61e5574b                   | 0.436 | 0.436  | 0.436   | 0.436  | 0.436  | 0.436  | 0.436  | 0.000  | 2222.000  | 2222.000  | 2222.000   | 2222.000  |
| 18    | 0   | 18  | 0   | 0   | 0   | GET    | /api/player/competition/9fa536bf/ranking      | 0.012 | 0.068  | 0.432   | 0.024  | 0.044  | 0.068  | 0.068  | 0.014  | 2582.000  | 2582.000  | 46476.000  | 2582.000  |
| 1     | 0   | 1   | 0   | 0   | 0   | GET    | /api/player/player/1b2338ca9                  | 0.432 | 0.432  | 0.432   | 0.432  | 0.432  | 0.432  | 0.432  | 0.000  | 2304.000  | 2304.000  | 2304.000   | 2304.000  |
| 1     | 0   | 1   | 0   | 0   | 0   | GET    | /api/player/player/634daacd2                  | 0.428 | 0.428  | 0.428   | 0.428  | 0.428  | 0.428  | 0.428  | 0.000  | 826.000   | 826.000   | 826.000    | 826.000   |
| 1     | 0   | 1   | 0   | 0   | 0   | GET    | /api/player/player/21d52a4fe                  | 0.424 | 0.424  | 0.424   | 0.424  | 0.424  | 0.424  | 0.424  | 0.000  | 2314.000  | 2314.000  | 2314.000   | 2314.000  |
| 1     | 0   | 1   | 0   | 0   | 0   | GET    | /api/player/player/2ee08f905                  | 0.416 | 0.416  | 0.416   | 0.416  | 0.416  | 0.416  | 0.416  | 0.000  | 1888.000  | 1888.000  | 1888.000   | 1888.000  |
| 1     | 0   | 1   | 0   | 0   | 0   | POST   | /api/organizer/competition/9fa536bf/score     | 0.400 | 0.400  | 0.400   | 0.400  | 0.400  | 0.400  | 0.400  | 0.000  | 53.000    | 53.000    | 53.000     | 53.000    |
| 1     | 0   | 1   | 0   | 0   | 0   | GET    | /api/player/player/32a732110                  | 0.396 | 0.396  | 0.396   | 0.396  | 0.396  | 0.396  | 0.396  | 0.000  | 1942.000  | 1942.000  | 1942.000   | 1942.000  |
| 1     | 0   | 1   | 0   | 0   | 0   | GET    | /api/player/player/35f9dd0f3                  | 0.396 | 0.396  | 0.396   | 0.396  | 0.396  | 0.396  | 0.396  | 0.000  | 1744.000  | 1744.000  | 1744.000   | 1744.000  |
| 1     | 0   | 1   | 0   | 0   | 0   | GET    | /api/player/player/2b90691b5                  | 0.392 | 0.392  | 0.392   | 0.392  | 0.392  | 0.392  | 0.392  | 0.000  | 1901.000  | 1901.000  | 1901.000   | 1901.000  |
| 1     | 0   | 1   | 0   | 0   | 0   | GET    | /api/player/player/3fb1577d2                  | 0.384 | 0.384  | 0.384   | 0.384  | 0.384  | 0.384  | 0.384  | 0.000  | 1737.000  | 1737.000  | 1737.000   | 1737.000  |
| 1     | 0   | 1   | 0   | 0   | 0   | GET    | /api/player/player/1bb8edfb9                  | 0.384 | 0.384  | 0.384   | 0.384  | 0.384  | 0.384  | 0.384  | 0.000  | 1946.000  | 1946.000  | 1946.000   | 1946.000  |
| 1     | 0   | 1   | 0   | 0   | 0   | GET    | /api/player/player/37c9e7007                  | 0.372 | 0.372  | 0.372   | 0.372  | 0.372  | 0.372  | 0.372  | 0.000  | 1466.000  | 1466.000  | 1466.000   | 1466.000  |
| 12    | 0   | 12  | 0   | 0   | 0   | GET    | /api/player/competition/9fa52cc0/ranking      | 0.012 | 0.068  | 0.372   | 0.031  | 0.048  | 0.068  | 0.068  | 0.016  | 6351.000  | 6351.000  | 76212.000  | 6351.000  |
| 1     | 0   | 1   | 0   | 0   | 0   | GET    | /api/player/player/33eab1043                  | 0.368 | 0.368  | 0.368   | 0.368  | 0.368  | 0.368  | 0.368  | 0.000  | 1924.000  | 1924.000  | 1924.000   | 1924.000  |
| 1     | 0   | 1   | 0   | 0   | 0   | GET    | /api/player/player/63b727311                  | 0.364 | 0.364  | 0.364   | 0.364  | 0.364  | 0.364  | 0.364  | 0.000  | 1163.000  | 1163.000  | 1163.000   | 1163.000  |
| 1     | 0   | 1   | 0   | 0   | 0   | GET    | /api/player/player/5dd9e3726                  | 0.344 | 0.344  | 0.344   | 0.344  | 0.344  | 0.344  | 0.344  | 0.000  | 938.000   | 938.000   | 938.000    | 938.000   |
| 1     | 0   | 1   | 0   | 0   | 0   | GET    | /api/player/player/7f7ae36e                   | 0.344 | 0.344  | 0.344   | 0.344  | 0.344  | 0.344  | 0.344  | 0.000  | 2401.000  | 2401.000  | 2401.000   | 2401.000  |
| 1     | 0   | 1   | 0   | 0   | 0   | GET    | /api/player/player/37a918944                  | 0.332 | 0.332  | 0.332   | 0.332  | 0.332  | 0.332  | 0.332  | 0.000  | 1369.000  | 1369.000  | 1369.000   | 1369.000  |
| 1     | 0   | 1   | 0   | 0   | 0   | POST   | /api/organizer/competition/9fa53038/score     | 0.324 | 0.324  | 0.324   | 0.324  | 0.324  | 0.324  | 0.324  | 0.000  | 53.000    | 53.000    | 53.000     | 53.000    |
| 1     | 0   | 1   | 0   | 0   | 0   | GET    | /api/player/player/2adb2f10b                  | 0.320 | 0.320  | 0.320   | 0.320  | 0.320  | 0.320  | 0.320  | 0.000  | 1649.000  | 1649.000  | 1649.000   | 1649.000  |
| 1     | 0   | 0   | 0   | 1   | 0   | GET    | /api/player/player/1d8c079ca                  | 0.316 | 0.316  | 0.316   | 0.316  | 0.316  | 0.316  | 0.316  | 0.000  | 0.000     | 0.000     | 0.000      | 0.000     |
| 9     | 0   | 9   | 0   | 0   | 0   | GET    | /api/player/competition/9fa53ac2/ranking      | 0.016 | 0.060  | 0.308   | 0.034  | 0.060  | 0.060  | 0.060  | 0.016  | 9873.000  | 9873.000  | 88857.000  | 9873.000  |
| 1     | 0   | 1   | 0   | 0   | 0   | GET    | /api/player/player/39db5a910                  | 0.308 | 0.308  | 0.308   | 0.308  | 0.308  | 0.308  | 0.308  | 0.000  | 1737.000  | 1737.000  | 1737.000   | 1737.000  |
| 1     | 0   | 1   | 0   | 0   | 0   | GET    | /api/player/player/1d68752e2                  | 0.296 | 0.296  | 0.296   | 0.296  | 0.296  | 0.296  | 0.296  | 0.000  | 1640.000  | 1640.000  | 1640.000   | 1640.000  |
| 1     | 0   | 1   | 0   | 0   | 0   | GET    | /api/player/player/18506e9bc                  | 0.292 | 0.292  | 0.292   | 0.292  | 0.292  | 0.292  | 0.292  | 0.000  | 2297.000  | 2297.000  | 2297.000   | 2297.000  |
| 1     | 0   | 1   | 0   | 0   | 0   | GET    | /api/player/player/3162d2839                  | 0.288 | 0.288  | 0.288   | 0.288  | 0.288  | 0.288  | 0.288  | 0.000  | 1748.000  | 1748.000  | 1748.000   | 1748.000  |
| 1     | 0   | 1   | 0   | 0   | 0   | GET    | /api/player/player/310f53fe5                  | 0.280 | 0.280  | 0.280   | 0.280  | 0.280  | 0.280  | 0.280  | 0.000  | 1940.000  | 1940.000  | 1940.000   | 1940.000  |
| 1     | 0   | 1   | 0   | 0   | 0   | GET    | /api/player/player/3a777862b                  | 0.276 | 0.276  | 0.276   | 0.276  | 0.276  | 0.276  | 0.276  | 0.000  | 2204.000  | 2204.000  | 2204.000   | 2204.000  |
| 4     | 0   | 3   | 0   | 1   | 0   | GET    | /api/player/player/6223b3812                  | 0.004 | 0.132  | 0.276   | 0.069  | 0.132  | 0.132  | 0.132  | 0.051  | 39.000    | 872.000   | 2653.000   | 663.250   |
| 1     | 0   | 1   | 0   | 0   | 0   | GET    | /api/player/player/2c3b7fee8                  | 0.268 | 0.268  | 0.268   | 0.268  | 0.268  | 0.268  | 0.268  | 0.000  | 1543.000  | 1543.000  | 1543.000   | 1543.000  |
| 1     | 0   | 1   | 0   | 0   | 0   | GET    | /api/player/player/5b64dabd8                  | 0.260 | 0.260  | 0.260   | 0.260  | 0.260  | 0.260  | 0.260  | 0.000  | 1531.000  | 1531.000  | 1531.000   | 1531.000  |
| 8     | 0   | 8   | 0   | 0   | 0   | GET    | /api/player/competition/9fa53be3/ranking      | 0.016 | 0.056  | 0.256   | 0.032  | 0.056  | 0.056  | 0.056  | 0.013  | 9384.000  | 9384.000  | 75072.000  | 9384.000  |
| 1     | 0   | 1   | 0   | 0   | 0   | GET    | /api/player/player/211e22d78                  | 0.248 | 0.248  | 0.248   | 0.248  | 0.248  | 0.248  | 0.248  | 0.000  | 1931.000  | 1931.000  | 1931.000   | 1931.000  |
| 1     | 0   | 1   | 0   | 0   | 0   | GET    | /api/player/player/5745c1c1e                  | 0.248 | 0.248  | 0.248   | 0.248  | 0.248  | 0.248  | 0.248  | 0.000  | 1242.000  | 1242.000  | 1242.000   | 1242.000  |
| 1     | 0   | 1   | 0   | 0   | 0   | GET    | /api/player/player/157773f5c                  | 0.240 | 0.240  | 0.240   | 0.240  | 0.240  | 0.240  | 0.240  | 0.000  | 2060.000  | 2060.000  | 2060.000   | 2060.000  |
| 1     | 0   | 1   | 0   | 0   | 0   | GET    | /api/player/player/3041b9b7d                  | 0.232 | 0.232  | 0.232   | 0.232  | 0.232  | 0.232  | 0.232  | 0.000  | 1995.000  | 1995.000  | 1995.000   | 1995.000  |
| 1     | 0   | 1   | 0   | 0   | 0   | GET    | /api/player/player/5c5a9b542                  | 0.228 | 0.228  | 0.228   | 0.228  | 0.228  | 0.228  | 0.228  | 0.000  | 757.000   | 757.000   | 757.000    | 757.000   |
| 1     | 0   | 1   | 0   | 0   | 0   | GET    | /api/player/player/9fa529d3                   | 0.228 | 0.228  | 0.228   | 0.228  | 0.228  | 0.228  | 0.228  | 0.000  | 688.000   | 688.000   | 688.000    | 688.000   |
| 1     | 0   | 1   | 0   | 0   | 0   | GET    | /api/player/player/4fb01ac3f                  | 0.228 | 0.228  | 0.228   | 0.228  | 0.228  | 0.228  | 0.228  | 0.000  | 1431.000  | 1431.000  | 1431.000   | 1431.000  |
| 2     | 0   | 2   | 0   | 0   | 0   | GET    | /api/player/player/9fa528c9                   | 0.040 | 0.176  | 0.216   | 0.108  | 0.176  | 0.176  | 0.176  | 0.068  | 672.000   | 785.000   | 1457.000   | 728.500   |
| 4     | 0   | 3   | 0   | 1   | 0   | GET    | /api/player/player/60aef03ed                  | 0.004 | 0.084  | 0.208   | 0.052  | 0.084  | 0.084  | 0.084  | 0.030  | 39.000    | 1251.000  | 3790.000   | 947.500   |
| 1     | 0   | 1   | 0   | 0   | 0   | GET    | /api/player/player/637ba25eb                  | 0.208 | 0.208  | 0.208   | 0.208  | 0.208  | 0.208  | 0.208  | 0.000  | 800.000   | 800.000   | 800.000    | 800.000   |
| 1     | 0   | 1   | 0   | 0   | 0   | GET    | /api/player/player/62421f941                  | 0.204 | 0.204  | 0.204   | 0.204  | 0.204  | 0.204  | 0.204  | 0.000  | 861.000   | 861.000   | 861.000    | 861.000   |
| 1     | 0   | 0   | 0   | 1   | 0   | GET    | /api/player/player/4a463c0ed                  | 0.204 | 0.204  | 0.204   | 0.204  | 0.204  | 0.204  | 0.204  | 0.000  | 0.000     | 0.000     | 0.000      | 0.000     |
| 4     | 0   | 3   | 0   | 1   | 0   | GET    | /api/player/player/5e60d557c                  | 0.008 | 0.076  | 0.196   | 0.049  | 0.076  | 0.076  | 0.076  | 0.029  | 39.000    | 1725.000  | 5212.000   | 1303.000  |
| 4     | 0   | 3   | 0   | 1   | 0   | GET    | /api/player/competition/9fa53832/ranking      | 0.004 | 0.104  | 0.196   | 0.049  | 0.104  | 0.104  | 0.104  | 0.038  | 39.000    | 14475.000 | 43365.000  | 10841.250 |
| 1     | 0   | 1   | 0   | 0   | 0   | GET    | /api/player/player/4ab2640c3                  | 0.196 | 0.196  | 0.196   | 0.196  | 0.196  | 0.196  | 0.196  | 0.000  | 1661.000  | 1661.000  | 1661.000   | 1661.000  |
| 1     | 0   | 1   | 0   | 0   | 0   | GET    | /api/player/player/5d02bae4f                  | 0.184 | 0.184  | 0.184   | 0.184  | 0.184  | 0.184  | 0.184  | 0.000  | 848.000   | 848.000   | 848.000    | 848.000   |
| 2     | 0   | 2   | 0   | 0   | 0   | GET    | /api/player/player/9fa527ef                   | 0.020 | 0.160  | 0.180   | 0.090  | 0.160  | 0.160  | 0.160  | 0.070  | 569.000   | 569.000   | 1138.000   | 569.000   |
| 2     | 0   | 2   | 0   | 0   | 0   | GET    | /api/player/player/9fa52a98                   | 0.016 | 0.164  | 0.180   | 0.090  | 0.164  | 0.164  | 0.164  | 0.074  | 584.000   | 687.000   | 1271.000   | 635.500   |
| 23    | 0   | 23  | 0   | 0   | 0   | GET    | /api/organizer/players                        | 0.008 | 0.024  | 0.176   | 0.008  | 0.016  | 0.024  | 0.024  | 0.006  | 3088.000  | 40026.000 | 387654.000 | 16854.522 |
| 4     | 0   | 3   | 0   | 1   | 0   | GET    | /api/player/competition/9fa5365a/ranking      | 0.004 | 0.076  | 0.168   | 0.042  | 0.076  | 0.076  | 0.076  | 0.026  | 39.000    | 14512.000 | 43476.000  | 10869.000 |
| 4     | 0   | 3   | 0   | 1   | 0   | GET    | /api/player/competition/9fa53958/ranking      | 0.004 | 0.076  | 0.168   | 0.042  | 0.076  | 0.076  | 0.076  | 0.026  | 39.000    | 14564.000 | 43632.000  | 10908.000 |
| 4     | 0   | 3   | 0   | 1   | 0   | GET    | /api/player/player/630e46c47                  | 0.000 | 0.064  | 0.164   | 0.041  | 0.064  | 0.064  | 0.064  | 0.024  | 39.000    | 1296.000  | 3925.000   | 981.250   |
| 1     | 0   | 1   | 0   | 0   | 0   | GET    | /api/player/player/24dacba05                  | 0.164 | 0.164  | 0.164   | 0.164  | 0.164  | 0.164  | 0.164  | 0.000  | 1540.000  | 1540.000  | 1540.000   | 1540.000  |
| 1     | 0   | 1   | 0   | 0   | 0   | GET    | /api/player/player/9fa52800                   | 0.160 | 0.160  | 0.160   | 0.160  | 0.160  | 0.160  | 0.160  | 0.000  | 364.000   | 364.000   | 364.000    | 364.000   |
| 2     | 0   | 2   | 0   | 0   | 0   | GET    | /api/player/player/635535f3e                  | 0.076 | 0.080  | 0.156   | 0.078  | 0.080  | 0.080  | 0.080  | 0.002  | 976.000   | 1060.000  | 2036.000   | 1018.000  |
| 1     | 0   | 1   | 0   | 0   | 0   | POST   | /api/organizer/competition/9fa532e3/score     | 0.148 | 0.148  | 0.148   | 0.148  | 0.148  | 0.148  | 0.148  | 0.000  | 52.000    | 52.000    | 52.000     | 52.000    |
| 2     | 0   | 2   | 0   | 0   | 0   | GET    | /api/player/player/9fa529ad                   | 0.040 | 0.108  | 0.148   | 0.074  | 0.108  | 0.108  | 0.108  | 0.034  | 474.000   | 686.000   | 1160.000   | 580.000   |
| 4     | 0   | 3   | 0   | 1   | 0   | GET    | /api/player/player/614491e6c                  | 0.004 | 0.044  | 0.128   | 0.032  | 0.044  | 0.044  | 0.044  | 0.016  | 39.000    | 1130.000  | 3427.000   | 856.750   |
| 4     | 0   | 3   | 0   | 1   | 0   | GET    | /api/player/competition/9fa52c5b/ranking      | 0.004 | 0.048  | 0.128   | 0.032  | 0.048  | 0.048  | 0.048  | 0.017  | 39.000    | 14486.000 | 43398.000  | 10849.500 |
| 1     | 0   | 1   | 0   | 0   | 0   | GET    | /api/player/player/3a09967e3                  | 0.124 | 0.124  | 0.124   | 0.124  | 0.124  | 0.124  | 0.124  | 0.000  | 1837.000  | 1837.000  | 1837.000   | 1837.000  |
| 2     | 0   | 2   | 0   | 0   | 0   | GET    | /api/player/player/9fa5285b                   | 0.036 | 0.088  | 0.124   | 0.062  | 0.088  | 0.088  | 0.088  | 0.026  | 459.000   | 672.000   | 1131.000   | 565.500   |
| 1     | 0   | 1   | 0   | 0   | 0   | GET    | /api/player/player/9fa52885                   | 0.092 | 0.092  | 0.092   | 0.092  | 0.092  | 0.092  | 0.092  | 0.000  | 672.000   | 672.000   | 672.000    | 672.000   |
| 4     | 0   | 3   | 0   | 1   | 0   | GET    | /api/player/player/63240c7ff                  | 0.004 | 0.036  | 0.092   | 0.023  | 0.036  | 0.036  | 0.036  | 0.012  | 39.000    | 387.000   | 1198.000   | 299.500   |
| 2     | 0   | 2   | 0   | 0   | 0   | GET    | /api/player/player/9fa5291e                   | 0.004 | 0.088  | 0.092   | 0.046  | 0.088  | 0.088  | 0.088  | 0.042  | 458.000   | 784.000   | 1242.000   | 621.000   |
| 4     | 0   | 3   | 0   | 1   | 0   | GET    | /api/player/competition/9fa53b9c/ranking      | 0.004 | 0.036  | 0.088   | 0.022  | 0.036  | 0.036  | 0.036  | 0.012  | 39.000    | 4474.000  | 13432.000  | 3358.000  |
| 4     | 0   | 3   | 0   | 1   | 0   | GET    | /api/player/competition/9fa53424/ranking      | 0.004 | 0.032  | 0.088   | 0.022  | 0.032  | 0.032  | 0.032  | 0.011  | 39.000    | 13752.000 | 41201.000  | 10300.250 |
| 4     | 0   | 3   | 0   | 1   | 0   | GET    | /api/player/competition/9fa5278c/ranking      | 0.004 | 0.036  | 0.080   | 0.020  | 0.036  | 0.036  | 0.036  | 0.012  | 39.000    | 8901.000  | 26682.000  | 6670.500  |
| 4     | 0   | 3   | 0   | 1   | 0   | GET    | /api/player/competition/9fa52e56/ranking      | 0.000 | 0.044  | 0.080   | 0.020  | 0.044  | 0.044  | 0.044  | 0.016  | 39.000    | 8782.000  | 26326.000  | 6581.500  |
| 1     | 0   | 1   | 0   | 0   | 0   | GET    | /api/player/player/9fa52a61                   | 0.076 | 0.076  | 0.076   | 0.076  | 0.076  | 0.076  | 0.076  | 0.000  | 801.000   | 801.000   | 801.000    | 801.000   |
| 4     | 0   | 4   | 0   | 0   | 0   | GET    | /api/player/competition/9fa52aad/ranking      | 0.016 | 0.028  | 0.076   | 0.019  | 0.028  | 0.028  | 0.028  | 0.005  | 9867.000  | 9867.000  | 39468.000  | 9867.000  |
| 4     | 0   | 3   | 0   | 1   | 0   | GET    | /api/player/competition/9fa5302e/ranking      | 0.000 | 0.040  | 0.076   | 0.019  | 0.040  | 0.040  | 0.040  | 0.014  | 39.000    | 8637.000  | 25892.000  | 6473.000  |
| 4     | 0   | 3   | 0   | 1   | 0   | GET    | /api/player/competition/9fa52a92/ranking      | 0.004 | 0.028  | 0.076   | 0.019  | 0.028  | 0.028  | 0.028  | 0.009  | 39.000    | 4354.000  | 13073.000  | 3268.250  |
| 3     | 0   | 3   | 0   | 0   | 0   | GET    | /api/player/player/9fa5282c                   | 0.008 | 0.048  | 0.076   | 0.025  | 0.048  | 0.048  | 0.048  | 0.017  | 568.000   | 671.000   | 1910.000   | 636.667   |
| 1     | 0   | 1   | 0   | 0   | 0   | GET    | /api/player/competition/2bc4716b0/ranking     | 0.068 | 0.068  | 0.068   | 0.068  | 0.068  | 0.068  | 0.068  | 0.000  | 14685.000 | 14685.000 | 14685.000  | 14685.000 |
| 4     | 0   | 4   | 0   | 0   | 0   | GET    | /api/player/competition/9fa52408/ranking      | 0.008 | 0.024  | 0.064   | 0.016  | 0.024  | 0.024  | 0.024  | 0.006  | 334.000   | 14474.000 | 43559.000  | 10889.750 |
| 1     | 0   | 1   | 0   | 0   | 0   | GET    | /api/player/player/9fa529d7                   | 0.056 | 0.056  | 0.056   | 0.056  | 0.056  | 0.056  | 0.056  | 0.000  | 688.000   | 688.000   | 688.000    | 688.000   |
| 4     | 0   | 3   | 0   | 1   | 0   | GET    | /api/player/competition/9fa532a8/ranking      | 0.000 | 0.024  | 0.052   | 0.013  | 0.024  | 0.024  | 0.024  | 0.009  | 39.000    | 2916.000  | 8769.000   | 2192.250  |
| 4     | 0   | 3   | 0   | 1   | 0   | GET    | /api/player/player/62855defe                  | 0.000 | 0.024  | 0.052   | 0.013  | 0.024  | 0.024  | 0.024  | 0.009  | 39.000    | 503.000   | 1546.000   | 386.500   |
| 1     | 0   | 1   | 0   | 0   | 0   | GET    | /api/player/player/629314abf                  | 0.052 | 0.052  | 0.052   | 0.052  | 0.052  | 0.052  | 0.052  | 0.000  | 1011.000  | 1011.000  | 1011.000   | 1011.000  |
| 1     | 0   | 1   | 0   | 0   | 0   | GET    | /api/player/player/9fa52930                   | 0.052 | 0.052  | 0.052   | 0.052  | 0.052  | 0.052  | 0.052  | 0.000  | 585.000   | 585.000   | 585.000    | 585.000   |
| 1     | 0   | 1   | 0   | 0   | 0   | GET    | /api/player/player/9fa5298b                   | 0.048 | 0.048  | 0.048   | 0.048  | 0.048  | 0.048  | 0.048  | 0.000  | 475.000   | 475.000   | 475.000    | 475.000   |
| 1     | 0   | 1   | 0   | 0   | 0   | POST   | /api/organizer/competition/9fa53832/finish    | 0.048 | 0.048  | 0.048   | 0.048  | 0.048  | 0.048  | 0.048  | 0.000  | 21.000    | 21.000    | 21.000     | 21.000    |
| 1     | 0   | 1   | 0   | 0   | 0   | GET    | /api/player/player/63a810e35                  | 0.048 | 0.048  | 0.048   | 0.048  | 0.048  | 0.048  | 0.048  | 0.000  | 1472.000  | 1472.000  | 1472.000   | 1472.000  |
| 1     | 0   | 1   | 0   | 0   | 0   | GET    | /api/player/player/632ebade8                  | 0.044 | 0.044  | 0.044   | 0.044  | 0.044  | 0.044  | 0.044  | 0.000  | 1105.000  | 1105.000  | 1105.000   | 1105.000  |
| 1     | 0   | 1   | 0   | 0   | 0   | GET    | /api/player/player/9fa527e7                   | 0.044 | 0.044  | 0.044   | 0.044  | 0.044  | 0.044  | 0.044  | 0.000  | 784.000   | 784.000   | 784.000    | 784.000   |
| 1     | 0   | 1   | 0   | 0   | 0   | GET    | /api/player/player/9fa52830                   | 0.044 | 0.044  | 0.044   | 0.044  | 0.044  | 0.044  | 0.044  | 0.000  | 458.000   | 458.000   | 458.000    | 458.000   |
| 1     | 0   | 1   | 0   | 0   | 0   | GET    | /api/player/player/9fa5281f                   | 0.044 | 0.044  | 0.044   | 0.044  | 0.044  | 0.044  | 0.044  | 0.000  | 669.000   | 669.000   | 669.000    | 669.000   |
| 2     | 0   | 2   | 0   | 0   | 0   | GET    | /api/player/player/9fa528b9                   | 0.004 | 0.036  | 0.040   | 0.020  | 0.036  | 0.036  | 0.036  | 0.016  | 671.000   | 784.000   | 1455.000   | 727.500   |
| 4     | 0   | 3   | 0   | 1   | 0   | GET    | /api/player/player/62fde46db                  | 0.000 | 0.024  | 0.036   | 0.009  | 0.024  | 0.024  | 0.024  | 0.009  | 39.000    | 275.000   | 862.000    | 215.500   |
| 1     | 0   | 1   | 0   | 0   | 0   | GET    | /api/player/player/9fa527da                   | 0.036 | 0.036  | 0.036   | 0.036  | 0.036  | 0.036  | 0.036  | 0.000  | 568.000   | 568.000   | 568.000    | 568.000   |
| 1     | 0   | 1   | 0   | 0   | 0   | POST   | /api/organizer/competition/9fa531a2/finish    | 0.036 | 0.036  | 0.036   | 0.036  | 0.036  | 0.036  | 0.036  | 0.000  | 21.000    | 21.000    | 21.000     | 21.000    |
| 1     | 0   | 1   | 0   | 0   | 0   | GET    | /api/player/player/9fa52a94                   | 0.036 | 0.036  | 0.036   | 0.036  | 0.036  | 0.036  | 0.036  | 0.000  | 688.000   | 688.000   | 688.000    | 688.000   |
| 2     | 0   | 2   | 0   | 0   | 0   | GET    | /api/player/player/9fa528cc                   | 0.016 | 0.016  | 0.032   | 0.016  | 0.016  | 0.016  | 0.016  | 0.000  | 458.000   | 784.000   | 1242.000   | 621.000   |
| 1     | 0   | 1   | 0   | 0   | 0   | GET    | /api/player/player/9fa529e4                   | 0.032 | 0.032  | 0.032   | 0.032  | 0.032  | 0.032  | 0.032  | 0.000  | 475.000   | 475.000   | 475.000    | 475.000   |
| 1     | 0   | 1   | 0   | 0   | 0   | POST   | /api/organizer/player/62f7991a8/disqualified  | 0.032 | 0.032  | 0.032   | 0.032  | 0.032  | 0.032  | 0.032  | 0.000  | 158.000   | 158.000   | 158.000    | 158.000   |
| 1     | 0   | 1   | 0   | 0   | 0   | GET    | /api/player/player/9fa5285f                   | 0.032 | 0.032  | 0.032   | 0.032  | 0.032  | 0.032  | 0.032  | 0.000  | 671.000   | 671.000   | 671.000    | 671.000   |
| 1     | 0   | 1   | 0   | 0   | 0   | GET    | /api/player/player/9fa52a4f                   | 0.028 | 0.028  | 0.028   | 0.028  | 0.028  | 0.028  | 0.028  | 0.000  | 380.000   | 380.000   | 380.000    | 380.000   |
| 2     | 0   | 2   | 0   | 0   | 0   | GET    | /api/player/player/9fa5281a                   | 0.004 | 0.024  | 0.028   | 0.014  | 0.024  | 0.024  | 0.024  | 0.010  | 568.000   | 671.000   | 1239.000   | 619.500   |
| 1     | 0   | 1   | 0   | 0   | 0   | POST   | /api/organizer/competition/9fa5347f/finish    | 0.028 | 0.028  | 0.028   | 0.028  | 0.028  | 0.028  | 0.028  | 0.000  | 21.000    | 21.000    | 21.000     | 21.000    |
| 2     | 0   | 2   | 0   | 0   | 0   | GET    | /api/player/player/9fa52872                   | 0.004 | 0.020  | 0.024   | 0.012  | 0.020  | 0.020  | 0.020  | 0.008  | 672.000   | 785.000   | 1457.000   | 728.500   |
| 1     | 0   | 1   | 0   | 0   | 0   | GET    | /api/player/player/9fa52a1d                   | 0.024 | 0.024  | 0.024   | 0.024  | 0.024  | 0.024  | 0.024  | 0.000  | 585.000   | 585.000   | 585.000    | 585.000   |
| 1     | 0   | 1   | 0   | 0   | 0   | POST   | /api/organizer/competition/9fa53988/finish    | 0.024 | 0.024  | 0.024   | 0.024  | 0.024  | 0.024  | 0.024  | 0.000  | 21.000    | 21.000    | 21.000     | 21.000    |
| 1     | 0   | 1   | 0   | 0   | 0   | POST   | /api/organizer/competition/9fa52eb0/finish    | 0.024 | 0.024  | 0.024   | 0.024  | 0.024  | 0.024  | 0.024  | 0.000  | 21.000    | 21.000    | 21.000     | 21.000    |
| 1     | 0   | 1   | 0   | 0   | 0   | POST   | /api/organizer/player/62855defe/disqualified  | 0.024 | 0.024  | 0.024   | 0.024  | 0.024  | 0.024  | 0.024  | 0.000  | 161.000   | 161.000   | 161.000    | 161.000   |
| 1     | 0   | 1   | 0   | 0   | 0   | POST   | /api/organizer/competition/9fa53737/finish    | 0.024 | 0.024  | 0.024   | 0.024  | 0.024  | 0.024  | 0.024  | 0.000  | 21.000    | 21.000    | 21.000     | 21.000    |
| 1     | 0   | 1   | 0   | 0   | 0   | POST   | /api/organizer/competition/9fa5308f/finish    | 0.024 | 0.024  | 0.024   | 0.024  | 0.024  | 0.024  | 0.024  | 0.000  | 21.000    | 21.000    | 21.000     | 21.000    |
| 1     | 0   | 1   | 0   | 0   | 0   | POST   | /api/organizer/player/60aef03ed/disqualified  | 0.024 | 0.024  | 0.024   | 0.024  | 0.024  | 0.024  | 0.024  | 0.000  | 157.000   | 157.000   | 157.000    | 157.000   |
| 2     | 0   | 2   | 0   | 0   | 0   | GET    | /api/player/player/9fa527fc                   | 0.012 | 0.012  | 0.024   | 0.012  | 0.012  | 0.012  | 0.012  | 0.000  | 783.000   | 783.000   | 1566.000   | 783.000   |
| 1     | 0   | 1   | 0   | 0   | 0   | POST   | /api/organizer/player/62f89e56b/disqualified  | 0.024 | 0.024  | 0.024   | 0.024  | 0.024  | 0.024  | 0.024  | 0.000  | 154.000   | 154.000   | 154.000    | 154.000   |
| 1     | 0   | 1   | 0   | 0   | 0   | GET    | /api/player/player/9fa52a24                   | 0.020 | 0.020  | 0.020   | 0.020  | 0.020  | 0.020  | 0.020  | 0.000  | 688.000   | 688.000   | 688.000    | 688.000   |
| 1     | 0   | 1   | 0   | 0   | 0   | POST   | /api/organizer/competition/9fa52d56/finish    | 0.020 | 0.020  | 0.020   | 0.020  | 0.020  | 0.020  | 0.020  | 0.000  | 21.000    | 21.000    | 21.000     | 21.000    |
| 2     | 0   | 2   | 0   | 0   | 0   | GET    | /api/player/player/9fa52839                   | 0.008 | 0.012  | 0.020   | 0.010  | 0.012  | 0.012  | 0.012  | 0.002  | 569.000   | 672.000   | 1241.000   | 620.500   |
| 1     | 0   | 1   | 0   | 0   | 0   | POST   | /api/organizer/player/9fa5251f/disqualified   | 0.020 | 0.020  | 0.020   | 0.020  | 0.020  | 0.020  | 0.020  | 0.000  | 157.000   | 157.000   | 157.000    | 157.000   |
| 1     | 0   | 1   | 0   | 0   | 0   | POST   | /api/organizer/competition/9fa52e2b/finish    | 0.020 | 0.020  | 0.020   | 0.020  | 0.020  | 0.020  | 0.020  | 0.000  | 21.000    | 21.000    | 21.000     | 21.000    |
| 1     | 0   | 1   | 0   | 0   | 0   | POST   | /api/organizer/competition/9fa5393c/score     | 0.020 | 0.020  | 0.020   | 0.020  | 0.020  | 0.020  | 0.020  | 0.000  | 52.000    | 52.000    | 52.000     | 52.000    |
| 1     | 0   | 1   | 0   | 0   | 0   | GET    | /api/player/player/633037bbd                  | 0.020 | 0.020  | 0.020   | 0.020  | 0.020  | 0.020  | 0.020  | 0.000  | 390.000   | 390.000   | 390.000    | 390.000   |
| 1     | 0   | 1   | 0   | 0   | 0   | GET    | /api/player/player/9fa52842                   | 0.016 | 0.016  | 0.016   | 0.016  | 0.016  | 0.016  | 0.016  | 0.000  | 784.000   | 784.000   | 784.000    | 784.000   |
| 1     | 0   | 1   | 0   | 0   | 0   | GET    | /api/player/player/9fa529c4                   | 0.016 | 0.016  | 0.016   | 0.016  | 0.016  | 0.016  | 0.016  | 0.000  | 801.000   | 801.000   | 801.000    | 801.000   |
| 1     | 0   | 1   | 0   | 0   | 0   | GET    | /api/player/player/9fa529ff                   | 0.016 | 0.016  | 0.016   | 0.016  | 0.016  | 0.016  | 0.016  | 0.000  | 380.000   | 380.000   | 380.000    | 380.000   |
| 1     | 0   | 1   | 0   | 0   | 0   | POST   | /api/organizer/competition/9fa53ac2/finish    | 0.016 | 0.016  | 0.016   | 0.016  | 0.016  | 0.016  | 0.016  | 0.000  | 21.000    | 21.000    | 21.000     | 21.000    |
| 1     | 0   | 1   | 0   | 0   | 0   | GET    | /api/player/player/9fa52966                   | 0.016 | 0.016  | 0.016   | 0.016  | 0.016  | 0.016  | 0.016  | 0.000  | 800.000   | 800.000   | 800.000    | 800.000   |
| 1     | 0   | 1   | 0   | 0   | 0   | GET    | /api/player/player/9fa5284f                   | 0.016 | 0.016  | 0.016   | 0.016  | 0.016  | 0.016  | 0.016  | 0.000  | 569.000   | 569.000   | 569.000    | 569.000   |
| 1     | 0   | 1   | 0   | 0   | 0   | GET    | /api/player/player/9fa529a8                   | 0.016 | 0.016  | 0.016   | 0.016  | 0.016  | 0.016  | 0.016  | 0.000  | 800.000   | 800.000   | 800.000    | 800.000   |
| 1     | 0   | 1   | 0   | 0   | 0   | GET    | /api/player/player/62f67de45                  | 0.016 | 0.016  | 0.016   | 0.016  | 0.016  | 0.016  | 0.016  | 0.000  | 395.000   | 395.000   | 395.000    | 395.000   |
| 1     | 0   | 1   | 0   | 0   | 0   | GET    | /api/player/player/9fa5289b                   | 0.016 | 0.016  | 0.016   | 0.016  | 0.016  | 0.016  | 0.016  | 0.000  | 785.000   | 785.000   | 785.000    | 785.000   |
| 1     | 0   | 1   | 0   | 0   | 0   | POST   | /api/organizer/competition/9fa5346d/finish    | 0.016 | 0.016  | 0.016   | 0.016  | 0.016  | 0.016  | 0.016  | 0.000  | 21.000    | 21.000    | 21.000     | 21.000    |
| 4     | 0   | 0   | 0   | 4   | 0   | POST   | /api/organizer/competition/9fa5252f/score     | 0.008 | 0.008  | 0.016   | 0.004  | 0.008  | 0.008  | 0.008  | 0.003  | 39.000    | 62.000    | 179.000    | 44.750    |
| 1     | 0   | 1   | 0   | 0   | 0   | POST   | /api/organizer/competition/9fa532e3/finish    | 0.012 | 0.012  | 0.012   | 0.012  | 0.012  | 0.012  | 0.012  | 0.000  | 21.000    | 21.000    | 21.000     | 21.000    |
| 1     | 0   | 1   | 0   | 0   | 0   | POST   | /api/organizer/competition/9fa53958/finish    | 0.012 | 0.012  | 0.012   | 0.012  | 0.012  | 0.012  | 0.012  | 0.000  | 21.000    | 21.000    | 21.000     | 21.000    |
| 1     | 0   | 1   | 0   | 0   | 0   | GET    | /api/player/player/9fa52a48                   | 0.012 | 0.012  | 0.012   | 0.012  | 0.012  | 0.012  | 0.012  | 0.000  | 475.000   | 475.000   | 475.000    | 475.000   |
| 1     | 0   | 1   | 0   | 0   | 0   | POST   | /api/organizer/competition/9fa52cc0/finish    | 0.012 | 0.012  | 0.012   | 0.012  | 0.012  | 0.012  | 0.012  | 0.000  | 21.000    | 21.000    | 21.000     | 21.000    |
| 1     | 0   | 1   | 0   | 0   | 0   | POST   | /api/organizer/competition/9fa52a92/finish    | 0.012 | 0.012  | 0.012   | 0.012  | 0.012  | 0.012  | 0.012  | 0.000  | 21.000    | 21.000    | 21.000     | 21.000    |
| 1     | 0   | 1   | 0   | 0   | 0   | POST   | /api/organizer/player/5e60d557c/disqualified  | 0.012 | 0.012  | 0.012   | 0.012  | 0.012  | 0.012  | 0.012  | 0.000  | 153.000   | 153.000   | 153.000    | 153.000   |
| 1     | 0   | 1   | 0   | 0   | 0   | POST   | /api/organizer/competition/9fa52aaa/finish    | 0.012 | 0.012  | 0.012   | 0.012  | 0.012  | 0.012  | 0.012  | 0.000  | 21.000    | 21.000    | 21.000     | 21.000    |
| 1     | 0   | 1   | 0   | 0   | 0   | POST   | /api/organizer/player/630e46c47/disqualified  | 0.012 | 0.012  | 0.012   | 0.012  | 0.012  | 0.012  | 0.012  | 0.000  | 157.000   | 157.000   | 157.000    | 157.000   |
| 1     | 0   | 1   | 0   | 0   | 0   | POST   | /api/organizer/player/635b92596/disqualified  | 0.012 | 0.012  | 0.012   | 0.012  | 0.012  | 0.012  | 0.012  | 0.000  | 165.000   | 165.000   | 165.000    | 165.000   |
| 1     | 0   | 1   | 0   | 0   | 0   | POST   | /api/organizer/player/614491e6c/disqualified  | 0.012 | 0.012  | 0.012   | 0.012  | 0.012  | 0.012  | 0.012  | 0.000  | 158.000   | 158.000   | 158.000    | 158.000   |
| 2     | 0   | 2   | 0   | 0   | 0   | GET    | /api/player/player/9fa529fc                   | 0.004 | 0.008  | 0.012   | 0.006  | 0.008  | 0.008  | 0.008  | 0.002  | 474.000   | 584.000   | 1058.000   | 529.000   |
| 1     | 0   | 1   | 0   | 0   | 0   | POST   | /api/organizer/player/63240c7ff/disqualified  | 0.012 | 0.012  | 0.012   | 0.012  | 0.012  | 0.012  | 0.012  | 0.000  | 154.000   | 154.000   | 154.000    | 154.000   |
| 1     | 0   | 1   | 0   | 0   | 0   | POST   | /api/organizer/competition/9fa53be3/finish    | 0.012 | 0.012  | 0.012   | 0.012  | 0.012  | 0.012  | 0.012  | 0.000  | 21.000    | 21.000    | 21.000     | 21.000    |
| 1     | 0   | 1   | 0   | 0   | 0   | POST   | /api/organizer/competition/9fa5252f/finish    | 0.012 | 0.012  | 0.012   | 0.012  | 0.012  | 0.012  | 0.012  | 0.000  | 21.000    | 21.000    | 21.000     | 21.000    |
| 1     | 0   | 1   | 0   | 0   | 0   | GET    | /api/player/player/9fa52941                   | 0.012 | 0.012  | 0.012   | 0.012  | 0.012  | 0.012  | 0.012  | 0.000  | 801.000   | 801.000   | 801.000    | 801.000   |
| 1     | 0   | 1   | 0   | 0   | 0   | GET    | /api/player/player/9fa52823                   | 0.012 | 0.012  | 0.012   | 0.012  | 0.012  | 0.012  | 0.012  | 0.000  | 264.000   | 264.000   | 264.000    | 264.000   |
| 1     | 0   | 1   | 0   | 0   | 0   | GET    | /api/player/player/631011bf6                  | 0.012 | 0.012  | 0.012   | 0.012  | 0.012  | 0.012  | 0.012  | 0.000  | 278.000   | 278.000   | 278.000    | 278.000   |
| 1     | 0   | 1   | 0   | 0   | 0   | POST   | /api/organizer/competition/9fa53757/finish    | 0.012 | 0.012  | 0.012   | 0.012  | 0.012  | 0.012  | 0.012  | 0.000  | 21.000    | 21.000    | 21.000     | 21.000    |
| 1     | 0   | 1   | 0   | 0   | 0   | POST   | /api/organizer/player/6223b3812/disqualified  | 0.012 | 0.012  | 0.012   | 0.012  | 0.012  | 0.012  | 0.012  | 0.000  | 155.000   | 155.000   | 155.000    | 155.000   |
| 1     | 0   | 1   | 0   | 0   | 0   | POST   | /api/organizer/competition/9fa5278b/finish    | 0.012 | 0.012  | 0.012   | 0.012  | 0.012  | 0.012  | 0.012  | 0.000  | 21.000    | 21.000    | 21.000     | 21.000    |
| 1     | 0   | 1   | 0   | 0   | 0   | GET    | /api/player/player/9fa52a53                   | 0.012 | 0.012  | 0.012   | 0.012  | 0.012  | 0.012  | 0.012  | 0.000  | 584.000   | 584.000   | 584.000    | 584.000   |
| 1     | 0   | 1   | 0   | 0   | 0   | POST   | /api/organizer/competition/9fa536bf/finish    | 0.008 | 0.008  | 0.008   | 0.008  | 0.008  | 0.008  | 0.008  | 0.000  | 21.000    | 21.000    | 21.000     | 21.000    |
| 1     | 0   | 1   | 0   | 0   | 0   | POST   | /api/organizer/competition/9fa53b9c/finish    | 0.008 | 0.008  | 0.008   | 0.008  | 0.008  | 0.008  | 0.008  | 0.000  | 21.000    | 21.000    | 21.000     | 21.000    |
| 2     | 0   | 2   | 0   | 0   | 0   | GET    | /api/player/player/9fa52a3d                   | 0.004 | 0.004  | 0.008   | 0.004  | 0.004  | 0.004  | 0.004  | 0.000  | 585.000   | 585.000   | 1170.000   | 585.000   |
| 1     | 0   | 1   | 0   | 0   | 0   | POST   | /api/organizer/player/62fde46db/disqualified  | 0.008 | 0.008  | 0.008   | 0.008  | 0.008  | 0.008  | 0.008  | 0.000  | 153.000   | 153.000   | 153.000    | 153.000   |
| 1     | 0   | 1   | 0   | 0   | 0   | POST   | /api/organizer/competition/9fa53038/finish    | 0.008 | 0.008  | 0.008   | 0.008  | 0.008  | 0.008  | 0.008  | 0.000  | 21.000    | 21.000    | 21.000     | 21.000    |
| 1     | 0   | 1   | 0   | 0   | 0   | POST   | /api/organizer/competition/9fa5365a/finish    | 0.008 | 0.008  | 0.008   | 0.008  | 0.008  | 0.008  | 0.008  | 0.000  | 21.000    | 21.000    | 21.000     | 21.000    |
| 1     | 0   | 1   | 0   | 0   | 0   | POST   | /api/organizer/competition/9fa52c5b/finish    | 0.008 | 0.008  | 0.008   | 0.008  | 0.008  | 0.008  | 0.008  | 0.000  | 21.000    | 21.000    | 21.000     | 21.000    |
| 1     | 0   | 1   | 0   | 0   | 0   | POST   | /api/organizer/competition/9fa5278c/finish    | 0.008 | 0.008  | 0.008   | 0.008  | 0.008  | 0.008  | 0.008  | 0.000  | 21.000    | 21.000    | 21.000     | 21.000    |
| 1     | 0   | 1   | 0   | 0   | 0   | GET    | /api/player/player/9fa52891                   | 0.008 | 0.008  | 0.008   | 0.008  | 0.008  | 0.008  | 0.008  | 0.000  | 364.000   | 364.000   | 364.000    | 364.000   |
| 1     | 0   | 1   | 0   | 0   | 0   | POST   | /api/organizer/competition/9fa5393c/finish    | 0.008 | 0.008  | 0.008   | 0.008  | 0.008  | 0.008  | 0.008  | 0.000  | 21.000    | 21.000    | 21.000     | 21.000    |
| 1     | 0   | 1   | 0   | 0   | 0   | POST   | /api/organizer/competition/9fa532a8/finish    | 0.008 | 0.008  | 0.008   | 0.008  | 0.008  | 0.008  | 0.008  | 0.000  | 21.000    | 21.000    | 21.000     | 21.000    |
| 1     | 0   | 1   | 0   | 0   | 0   | POST   | /api/organizer/player/9fa52528/disqualified   | 0.008 | 0.008  | 0.008   | 0.008  | 0.008  | 0.008  | 0.008  | 0.000  | 157.000   | 157.000   | 157.000    | 157.000   |
| 1     | 0   | 1   | 0   | 0   | 0   | POST   | /api/organizer/competition/9fa52e56/finish    | 0.008 | 0.008  | 0.008   | 0.008  | 0.008  | 0.008  | 0.008  | 0.000  | 21.000    | 21.000    | 21.000     | 21.000    |
| 1     | 0   | 1   | 0   | 0   | 0   | POST   | /api/organizer/competition/9fa53424/finish    | 0.008 | 0.008  | 0.008   | 0.008  | 0.008  | 0.008  | 0.008  | 0.000  | 21.000    | 21.000    | 21.000     | 21.000    |
| 1     | 0   | 1   | 0   | 0   | 0   | POST   | /api/organizer/competition/9fa52aad/finish    | 0.008 | 0.008  | 0.008   | 0.008  | 0.008  | 0.008  | 0.008  | 0.000  | 21.000    | 21.000    | 21.000     | 21.000    |
| 2     | 0   | 2   | 0   | 0   | 0   | GET    | /api/player/player/9fa527d1                   | 0.000 | 0.004  | 0.004   | 0.002  | 0.004  | 0.004  | 0.004  | 0.002  | 264.000   | 364.000   | 628.000    | 314.000   |
| 1     | 0   | 1   | 0   | 0   | 0   | GET    | /api/player/player/9fa527ab                   | 0.004 | 0.004  | 0.004   | 0.004  | 0.004  | 0.004  | 0.004  | 0.000  | 672.000   | 672.000   | 672.000    | 672.000   |
| 1     | 0   | 1   | 0   | 0   | 0   | GET    | /api/player/player/9fa52a85                   | 0.004 | 0.004  | 0.004   | 0.004  | 0.004  | 0.004  | 0.004  | 0.000  | 380.000   | 380.000   | 380.000    | 380.000   |
| 1     | 0   | 1   | 0   | 0   | 0   | POST   | /api/organizer/competition/9fa52525/finish    | 0.004 | 0.004  | 0.004   | 0.004  | 0.004  | 0.004  | 0.004  | 0.000  | 21.000    | 21.000    | 21.000     | 21.000    |
| 1     | 0   | 1   | 0   | 0   | 0   | POST   | /api/organizer/competition/9fa5302e/finish    | 0.004 | 0.004  | 0.004   | 0.004  | 0.004  | 0.004  | 0.004  | 0.000  | 21.000    | 21.000    | 21.000     | 21.000    |
| 1     | 0   | 1   | 0   | 0   | 0   | GET    | /api/player/player/9fa5299d                   | 0.004 | 0.004  | 0.004   | 0.004  | 0.004  | 0.004  | 0.004  | 0.000  | 801.000   | 801.000   | 801.000    | 801.000   |
| 1     | 0   | 1   | 0   | 0   | 0   | GET    | /api/player/player/9fa52414                   | 0.004 | 0.004  | 0.004   | 0.004  | 0.004  | 0.004  | 0.004  | 0.000  | 271.000   | 271.000   | 271.000    | 271.000   |
| 2     | 0   | 2   | 0   | 0   | 0   | GET    | /api/player/player/9fa52465                   | 0.000 | 0.004  | 0.004   | 0.002  | 0.004  | 0.004  | 0.004  | 0.002  | 286.000   | 286.000   | 572.000    | 286.000   |
| 1     | 0   | 1   | 0   | 0   | 0   | GET    | /api/player/player/9fa5297e                   | 0.004 | 0.004  | 0.004   | 0.004  | 0.004  | 0.004  | 0.004  | 0.000  | 800.000   | 800.000   | 800.000    | 800.000   |
| 1     | 0   | 1   | 0   | 0   | 0   | GET    | /api/player/player/9fa529c0                   | 0.004 | 0.004  | 0.004   | 0.004  | 0.004  | 0.004  | 0.004  | 0.000  | 798.000   | 798.000   | 798.000    | 798.000   |
| 1     | 0   | 0   | 0   | 1   | 0   | POST   | /api/organizer/competition/0000000000/finish  | 0.004 | 0.004  | 0.004   | 0.004  | 0.004  | 0.004  | 0.004  | 0.000  | 39.000    | 39.000    | 39.000     | 39.000    |
| 1     | 0   | 0   | 0   | 1   | 0   | GET    | /api/player/competition/0000000000/ranking    | 0.004 | 0.004  | 0.004   | 0.004  | 0.004  | 0.004  | 0.004  | 0.000  | 39.000    | 39.000    | 39.000     | 39.000    |
| 1     | 0   | 0   | 0   | 1   | 0   | GET    | /api/player/player/0000000000                 | 0.004 | 0.004  | 0.004   | 0.004  | 0.004  | 0.004  | 0.004  | 0.000  | 39.000    | 39.000    | 39.000     | 39.000    |
| 1     | 0   | 0   | 0   | 1   | 0   | GET    | /api/player/competition/9fa5252f/ranking      | 0.004 | 0.004  | 0.004   | 0.004  | 0.004  | 0.004  | 0.004  | 0.000  | 39.000    | 39.000    | 39.000     | 39.000    |
| 1     | 0   | 1   | 0   | 0   | 0   | GET    | /css/app.83b4c321.css                         | 0.000 | 0.000  | 0.000   | 0.000  | 0.000  | 0.000  | 0.000  | 0.000  | 4868.000  | 4868.000  | 4868.000   | 4868.000  |
| 1     | 0   | 0   | 0   | 1   | 0   | POST   | /api/organizer/player/0000000000/disqualified | 0.000 | 0.000  | 0.000   | 0.000  | 0.000  | 0.000  | 0.000  | 0.000  | 39.000    | 39.000    | 39.000     | 39.000    |
| 1     | 0   | 0   | 0   | 1   | 0   | POST   | /api/organizer/competition/0000000000/score   | 0.000 | 0.000  | 0.000   | 0.000  | 0.000  | 0.000  | 0.000  | 0.000  | 39.000    | 39.000    | 39.000     | 39.000    |
| 1     | 0   | 1   | 0   | 0   | 0   | GET    | /js/app.3a4ec98c.js                           | 0.000 | 0.000  | 0.000   | 0.000  | 0.000  | 0.000  | 0.000  | 0.000  | 33296.000 | 33296.000 | 33296.000  | 33296.000 |
| 1     | 0   | 1   | 0   | 0   | 0   | GET    | /index.html                                   | 0.000 | 0.000  | 0.000   | 0.000  | 0.000  | 0.000  | 0.000  | 0.000  | 479.000   | 479.000   | 479.000    | 479.000   |
| 1     | 0   | 1   | 0   | 0   | 0   | GET    | /api/organizer/competitions                   | 0.000 | 0.000  | 0.000   | 0.000  | 0.000  | 0.000  | 0.000  | 0.000  | 177.000   | 177.000   | 177.000    | 177.000   |
+-------+-----+-----+-----+-----+-----+--------+-----------------------------------------------+-------+--------+---------+--------+--------+--------+--------+--------+-----------+-----------+------------+-----------+
